33 8 2 2
0 0.0 0.0 1 1
1 0.5 0.0 1 1
2 1.0 0.0 1 1
3 1.5 0.0 1 1
4 2.0 0.0 1 1
5 2.5 0.0 1 1
6 3.0 0.0 1 1
7 3.5 0.0 1 1
8 4.0 0.0 1 1
9 4.5 0.0 1 1
10 5.0 0.0 1 1
11 0.0 0.5 1 1
12 0.5 0.5 1 1
13 1.0 0.5 1 1
14 1.5 0.5 1 1
15 2.0 0.5 1 1
16 2.5 0.5 1 1
17 3.0 0.5 1 1
18 3.5 0.5 1 1
19 4.0 0.5 1 1
20 4.5 0.5 1 1
21 5.0 0.5 1 1
22 0.0 1.0 0 0
23 0.5 1.0 0 0
24 1.0 1.0 0 0
25 1.5 1.0 0 0
26 2.0 1.0 0 0
27 2.5 1.0 0 0
28 3.0 1.0 0 0
29 3.5 1.0 0 0
30 4.0 1.0 0 0
31 4.5 1.0 0 0
32 5.0 1.0 0 0
0 2d9solid 0 0 2 24 22 1 13 23 11 12
1 2d9solid 1 2 4 26 24 3 15 25 13 14
2 2d9solid 1 4 6 28 26 5 17 27 15 16
3 2d9solid 1 6 8 30 28 7 19 29 17 18
4 2d9solid 0 8 10 32 30 9 21 31 19 20
5 connect -1 0 10
6 connect -1 11 21
7 connect -1 22 32
0 nu_vs_rho 0.33 150.0 1700.0
1 ep_eff_Li 2650.0 0.25 125 1.25 0.85 0.934 0.41 0.0
