341 341 2 2
0 0.0 0.0 1 1
1 1.0 0.0 1 1
2 2.0 0.0 1 1
3 3.0 0.0 1 1
4 4.0 0.0 1 1
5 5.0 0.0 1 1
6 6.0 0.0 1 1
7 7.0 0.0 1 1
8 8.0 0.0 1 1
9 9.0 0.0 1 1
10 10.0 0.0 1 1
11 11.0 0.0 1 1
12 12.0 0.0 1 1
13 13.0 0.0 1 1
14 14.0 0.0 1 1
15 15.0 0.0 1 1
16 16.0 0.0 1 1
17 17.0 0.0 1 1
18 18.0 0.0 1 1
19 19.0 0.0 1 1
20 20.0 0.0 1 1
21 21.0 0.0 1 1
22 22.0 0.0 1 1
23 23.0 0.0 1 1
24 24.0 0.0 1 1
25 25.0 0.0 1 1
26 26.0 0.0 1 1
27 27.0 0.0 1 1
28 28.0 0.0 1 1
29 29.0 0.0 1 1
30 30.0 0.0 1 1
31 0.0 1.0 1 1
32 1.0 1.0 1 1
33 2.0 1.0 1 1
34 3.0 1.0 1 1
35 4.0 1.0 1 1
36 5.0 1.0 1 1
37 6.0 1.0 1 1
38 7.0 1.0 1 1
39 8.0 1.0 1 1
40 9.0 1.0 1 1
41 10.0 1.0 1 1
42 11.0 1.0 1 1
43 12.0 1.0 1 1
44 13.0 1.0 1 1
45 14.0 1.0 1 1
46 15.0 1.0 1 1
47 16.0 1.0 1 1
48 17.0 1.0 1 1
49 18.0 1.0 1 1
50 19.0 1.0 1 1
51 20.0 1.0 1 1
52 21.0 1.0 1 1
53 22.0 1.0 1 1
54 23.0 1.0 1 1
55 24.0 1.0 1 1
56 25.0 1.0 1 1
57 26.0 1.0 1 1
58 27.0 1.0 1 1
59 28.0 1.0 1 1
60 29.0 1.0 1 1
61 30.0 1.0 1 1
62 0.0 2.0 1 1
63 1.0 2.0 1 1
64 2.0 2.0 1 1
65 3.0 2.0 1 1
66 4.0 2.0 1 1
67 5.0 2.0 1 1
68 6.0 2.0 1 1
69 7.0 2.0 1 1
70 8.0 2.0 1 1
71 9.0 2.0 1 1
72 10.0 2.0 1 1
73 11.0 2.0 1 1
74 12.0 2.0 1 1
75 13.0 2.0 1 1
76 14.0 2.0 1 1
77 15.0 2.0 1 1
78 16.0 2.0 1 1
79 17.0 2.0 1 1
80 18.0 2.0 1 1
81 19.0 2.0 1 1
82 20.0 2.0 1 1
83 21.0 2.0 1 1
84 22.0 2.0 1 1
85 23.0 2.0 1 1
86 24.0 2.0 1 1
87 25.0 2.0 1 1
88 26.0 2.0 1 1
89 27.0 2.0 1 1
90 28.0 2.0 1 1
91 29.0 2.0 1 1
92 30.0 2.0 1 1
93 0.0 3.0 1 1
94 1.0 3.0 1 1
95 2.0 3.0 1 1
96 3.0 3.0 1 1
97 4.0 3.0 1 1
98 5.0 3.0 1 1
99 6.0 3.0 1 1
100 7.0 3.0 1 1
101 8.0 3.0 1 1
102 9.0 3.0 1 1
103 10.0 3.0 1 1
104 11.0 3.0 1 1
105 12.0 3.0 1 1
106 13.0 3.0 1 1
107 14.0 3.0 1 1
108 15.0 3.0 1 1
109 16.0 3.0 1 1
110 17.0 3.0 1 1
111 18.0 3.0 1 1
112 19.0 3.0 1 1
113 20.0 3.0 1 1
114 21.0 3.0 1 1
115 22.0 3.0 1 1
116 23.0 3.0 1 1
117 24.0 3.0 1 1
118 25.0 3.0 1 1
119 26.0 3.0 1 1
120 27.0 3.0 1 1
121 28.0 3.0 1 1
122 29.0 3.0 1 1
123 30.0 3.0 1 1
124 0.0 4.0 1 1
125 1.0 4.0 1 1
126 2.0 4.0 1 1
127 3.0 4.0 1 1
128 4.0 4.0 1 1
129 5.0 4.0 1 1
130 6.0 4.0 1 1
131 7.0 4.0 1 1
132 8.0 4.0 1 1
133 9.0 4.0 1 1
134 10.0 4.0 1 1
135 11.0 4.0 1 1
136 12.0 4.0 1 1
137 13.0 4.0 1 1
138 14.0 4.0 1 1
139 15.0 4.0 1 1
140 16.0 4.0 1 1
141 17.0 4.0 1 1
142 18.0 4.0 1 1
143 19.0 4.0 1 1
144 20.0 4.0 1 1
145 21.0 4.0 1 1
146 22.0 4.0 1 1
147 23.0 4.0 1 1
148 24.0 4.0 1 1
149 25.0 4.0 1 1
150 26.0 4.0 1 1
151 27.0 4.0 1 1
152 28.0 4.0 1 1
153 29.0 4.0 1 1
154 30.0 4.0 1 1
155 0.0 5.0 1 1
156 1.0 5.0 1 1
157 2.0 5.0 1 1
158 3.0 5.0 1 1
159 4.0 5.0 1 1
160 5.0 5.0 1 1
161 6.0 5.0 1 1
162 7.0 5.0 1 1
163 8.0 5.0 1 1
164 9.0 5.0 1 1
165 10.0 5.0 1 1
166 11.0 5.0 1 1
167 12.0 5.0 1 1
168 13.0 5.0 1 1
169 14.0 5.0 1 1
170 15.0 5.0 1 1
171 16.0 5.0 1 1
172 17.0 5.0 1 1
173 18.0 5.0 1 1
174 19.0 5.0 1 1
175 20.0 5.0 1 1
176 21.0 5.0 1 1
177 22.0 5.0 1 1
178 23.0 5.0 1 1
179 24.0 5.0 1 1
180 25.0 5.0 1 1
181 26.0 5.0 1 1
182 27.0 5.0 1 1
183 28.0 5.0 1 1
184 29.0 5.0 1 1
185 30.0 5.0 1 1
186 0.0 6.0 1 1
187 1.0 6.0 1 1
188 2.0 6.0 1 1
189 3.0 6.0 1 1
190 4.0 6.0 1 1
191 5.0 6.0 1 1
192 6.0 6.0 1 1
193 7.0 6.0 1 1
194 8.0 6.0 1 1
195 9.0 6.0 1 1
196 10.0 6.0 1 1
197 11.0 6.0 1 1
198 12.0 6.0 1 1
199 13.0 6.0 1 1
200 14.0 6.0 1 1
201 15.0 6.0 1 1
202 16.0 6.0 1 1
203 17.0 6.0 1 1
204 18.0 6.0 1 1
205 19.0 6.0 1 1
206 20.0 6.0 1 1
207 21.0 6.0 1 1
208 22.0 6.0 1 1
209 23.0 6.0 1 1
210 24.0 6.0 1 1
211 25.0 6.0 1 1
212 26.0 6.0 1 1
213 27.0 6.0 1 1
214 28.0 6.0 1 1
215 29.0 6.0 1 1
216 30.0 6.0 1 1
217 0.0 7.0 1 1
218 1.0 7.0 1 1
219 2.0 7.0 1 1
220 3.0 7.0 1 1
221 4.0 7.0 1 1
222 5.0 7.0 1 1
223 6.0 7.0 1 1
224 7.0 7.0 1 1
225 8.0 7.0 1 1
226 9.0 7.0 1 1
227 10.0 7.0 1 1
228 11.0 7.0 1 1
229 12.0 7.0 1 1
230 13.0 7.0 1 1
231 14.0 7.0 1 1
232 15.0 7.0 1 1
233 16.0 7.0 1 1
234 17.0 7.0 1 1
235 18.0 7.0 1 1
236 19.0 7.0 1 1
237 20.0 7.0 1 1
238 21.0 7.0 1 1
239 22.0 7.0 1 1
240 23.0 7.0 1 1
241 24.0 7.0 1 1
242 25.0 7.0 1 1
243 26.0 7.0 1 1
244 27.0 7.0 1 1
245 28.0 7.0 1 1
246 29.0 7.0 1 1
247 30.0 7.0 1 1
248 0.0 8.0 1 1
249 1.0 8.0 1 1
250 2.0 8.0 1 1
251 3.0 8.0 1 1
252 4.0 8.0 1 1
253 5.0 8.0 1 1
254 6.0 8.0 1 1
255 7.0 8.0 1 1
256 8.0 8.0 1 1
257 9.0 8.0 1 1
258 10.0 8.0 1 1
259 11.0 8.0 1 1
260 12.0 8.0 1 1
261 13.0 8.0 1 1
262 14.0 8.0 1 1
263 15.0 8.0 1 1
264 16.0 8.0 1 1
265 17.0 8.0 1 1
266 18.0 8.0 1 1
267 19.0 8.0 1 1
268 20.0 8.0 1 1
269 21.0 8.0 1 1
270 22.0 8.0 1 1
271 23.0 8.0 1 1
272 24.0 8.0 1 1
273 25.0 8.0 1 1
274 26.0 8.0 1 1
275 27.0 8.0 1 1
276 28.0 8.0 1 1
277 29.0 8.0 1 1
278 30.0 8.0 1 1
279 0.0 9.0 1 1
280 1.0 9.0 1 1
281 2.0 9.0 1 1
282 3.0 9.0 1 1
283 4.0 9.0 1 1
284 5.0 9.0 1 1
285 6.0 9.0 1 1
286 7.0 9.0 1 1
287 8.0 9.0 1 1
288 9.0 9.0 1 1
289 10.0 9.0 1 1
290 11.0 9.0 1 1
291 12.0 9.0 1 1
292 13.0 9.0 1 1
293 14.0 9.0 1 1
294 15.0 9.0 1 1
295 16.0 9.0 1 1
296 17.0 9.0 1 1
297 18.0 9.0 1 1
298 19.0 9.0 1 1
299 20.0 9.0 1 1
300 21.0 9.0 1 1
301 22.0 9.0 1 1
302 23.0 9.0 1 1
303 24.0 9.0 1 1
304 25.0 9.0 1 1
305 26.0 9.0 1 1
306 27.0 9.0 1 1
307 28.0 9.0 1 1
308 29.0 9.0 1 1
309 30.0 9.0 1 1
310 0.0 10.0 1 0
311 1.0 10.0 1 0
312 2.0 10.0 1 0
313 3.0 10.0 1 0
314 4.0 10.0 1 0
315 5.0 10.0 1 0
316 6.0 10.0 1 0
317 7.0 10.0 1 0
318 8.0 10.0 1 0
319 9.0 10.0 1 0
320 10.0 10.0 1 0
321 11.0 10.0 1 0
322 12.0 10.0 1 0
323 13.0 10.0 1 0
324 14.0 10.0 1 0
325 15.0 10.0 1 0
326 16.0 10.0 1 0
327 17.0 10.0 1 0
328 18.0 10.0 1 0
329 19.0 10.0 1 0
330 20.0 10.0 1 0
331 21.0 10.0 1 0
332 22.0 10.0 1 0
333 23.0 10.0 1 0
334 24.0 10.0 1 0
335 25.0 10.0 1 0
336 26.0 10.0 1 0
337 27.0 10.0 1 0
338 28.0 10.0 1 0
339 29.0 10.0 1 0
340 30.0 10.0 1 0
0 2d4solid 1 0 1 32 31 
1 2d4solid 1 1 2 33 32 
2 2d4solid 1 2 3 34 33 
3 2d4solid 1 3 4 35 34 
4 2d4solid 1 4 5 36 35 
5 2d4solid 1 5 6 37 36 
6 2d4solid 1 6 7 38 37 
7 2d4solid 1 7 8 39 38 
8 2d4solid 1 8 9 40 39 
9 2d4solid 1 9 10 41 40 
10 2d4solid 1 10 11 42 41 
11 2d4solid 1 11 12 43 42 
12 2d4solid 1 12 13 44 43 
13 2d4solid 1 13 14 45 44 
14 2d4solid 1 14 15 46 45 
15 2d4solid 1 15 16 47 46 
16 2d4solid 1 16 17 48 47 
17 2d4solid 1 17 18 49 48 
18 2d4solid 1 18 19 50 49 
19 2d4solid 1 19 20 51 50 
20 2d4solid 1 20 21 52 51 
21 2d4solid 1 21 22 53 52 
22 2d4solid 1 22 23 54 53 
23 2d4solid 1 23 24 55 54 
24 2d4solid 1 24 25 56 55 
25 2d4solid 1 25 26 57 56 
26 2d4solid 1 26 27 58 57 
27 2d4solid 1 27 28 59 58 
28 2d4solid 1 28 29 60 59 
29 2d4solid 1 29 30 61 60 
30 2d4solid 1 31 32 63 62 
31 2d4solid 1 32 33 64 63 
32 2d4solid 1 33 34 65 64 
33 2d4solid 1 34 35 66 65 
34 2d4solid 1 35 36 67 66 
35 2d4solid 1 36 37 68 67 
36 2d4solid 1 37 38 69 68 
37 2d4solid 1 38 39 70 69 
38 2d4solid 1 39 40 71 70 
39 2d4solid 1 40 41 72 71 
40 2d4solid 1 41 42 73 72 
41 2d4solid 1 42 43 74 73 
42 2d4solid 1 43 44 75 74 
43 2d4solid 1 44 45 76 75 
44 2d4solid 1 45 46 77 76 
45 2d4solid 1 46 47 78 77 
46 2d4solid 1 47 48 79 78 
47 2d4solid 1 48 49 80 79 
48 2d4solid 1 49 50 81 80 
49 2d4solid 1 50 51 82 81 
50 2d4solid 1 51 52 83 82 
51 2d4solid 1 52 53 84 83 
52 2d4solid 1 53 54 85 84 
53 2d4solid 1 54 55 86 85 
54 2d4solid 1 55 56 87 86 
55 2d4solid 1 56 57 88 87 
56 2d4solid 1 57 58 89 88 
57 2d4solid 1 58 59 90 89 
58 2d4solid 1 59 60 91 90 
59 2d4solid 1 60 61 92 91 
60 2d4solid 1 62 63 94 93 
61 2d4solid 1 63 64 95 94 
62 2d4solid 1 64 65 96 95 
63 2d4solid 1 65 66 97 96 
64 2d4solid 1 66 67 98 97 
65 2d4solid 1 67 68 99 98 
66 2d4solid 1 68 69 100 99 
67 2d4solid 1 69 70 101 100 
68 2d4solid 1 70 71 102 101 
69 2d4solid 1 71 72 103 102 
70 2d4solid 1 72 73 104 103 
71 2d4solid 1 73 74 105 104 
72 2d4solid 1 74 75 106 105 
73 2d4solid 1 75 76 107 106 
74 2d4solid 1 76 77 108 107 
75 2d4solid 1 77 78 109 108 
76 2d4solid 1 78 79 110 109 
77 2d4solid 1 79 80 111 110 
78 2d4solid 1 80 81 112 111 
79 2d4solid 1 81 82 113 112 
80 2d4solid 1 82 83 114 113 
81 2d4solid 1 83 84 115 114 
82 2d4solid 1 84 85 116 115 
83 2d4solid 1 85 86 117 116 
84 2d4solid 1 86 87 118 117 
85 2d4solid 1 87 88 119 118 
86 2d4solid 1 88 89 120 119 
87 2d4solid 1 89 90 121 120 
88 2d4solid 1 90 91 122 121 
89 2d4solid 1 91 92 123 122 
90 2d4solid 1 93 94 125 124 
91 2d4solid 1 94 95 126 125 
92 2d4solid 1 95 96 127 126 
93 2d4solid 1 96 97 128 127 
94 2d4solid 1 97 98 129 128 
95 2d4solid 1 98 99 130 129 
96 2d4solid 1 99 100 131 130 
97 2d4solid 1 100 101 132 131 
98 2d4solid 1 101 102 133 132 
99 2d4solid 1 102 103 134 133 
100 2d4solid 1 103 104 135 134 
101 2d4solid 1 104 105 136 135 
102 2d4solid 1 105 106 137 136 
103 2d4solid 1 106 107 138 137 
104 2d4solid 1 107 108 139 138 
105 2d4solid 1 108 109 140 139 
106 2d4solid 1 109 110 141 140 
107 2d4solid 1 110 111 142 141 
108 2d4solid 1 111 112 143 142 
109 2d4solid 1 112 113 144 143 
110 2d4solid 1 113 114 145 144 
111 2d4solid 1 114 115 146 145 
112 2d4solid 1 115 116 147 146 
113 2d4solid 1 116 117 148 147 
114 2d4solid 1 117 118 149 148 
115 2d4solid 1 118 119 150 149 
116 2d4solid 1 119 120 151 150 
117 2d4solid 1 120 121 152 151 
118 2d4solid 1 121 122 153 152 
119 2d4solid 1 122 123 154 153 
120 2d4solid 1 124 125 156 155 
121 2d4solid 1 125 126 157 156 
122 2d4solid 1 126 127 158 157 
123 2d4solid 1 127 128 159 158 
124 2d4solid 1 128 129 160 159 
125 2d4solid 1 129 130 161 160 
126 2d4solid 1 130 131 162 161 
127 2d4solid 1 131 132 163 162 
128 2d4solid 1 132 133 164 163 
129 2d4solid 1 133 134 165 164 
130 2d4solid 1 134 135 166 165 
131 2d4solid 1 135 136 167 166 
132 2d4solid 1 136 137 168 167 
133 2d4solid 1 137 138 169 168 
134 2d4solid 1 138 139 170 169 
135 2d4solid 1 139 140 171 170 
136 2d4solid 1 140 141 172 171 
137 2d4solid 1 141 142 173 172 
138 2d4solid 1 142 143 174 173 
139 2d4solid 1 143 144 175 174 
140 2d4solid 1 144 145 176 175 
141 2d4solid 1 145 146 177 176 
142 2d4solid 1 146 147 178 177 
143 2d4solid 1 147 148 179 178 
144 2d4solid 1 148 149 180 179 
145 2d4solid 1 149 150 181 180 
146 2d4solid 1 150 151 182 181 
147 2d4solid 1 151 152 183 182 
148 2d4solid 1 152 153 184 183 
149 2d4solid 1 153 154 185 184 
150 2d4solid 1 155 156 187 186 
151 2d4solid 1 156 157 188 187 
152 2d4solid 1 157 158 189 188 
153 2d4solid 1 158 159 190 189 
154 2d4solid 1 159 160 191 190 
155 2d4solid 1 160 161 192 191 
156 2d4solid 1 161 162 193 192 
157 2d4solid 1 162 163 194 193 
158 2d4solid 1 163 164 195 194 
159 2d4solid 1 164 165 196 195 
160 2d4solid 1 165 166 197 196 
161 2d4solid 1 166 167 198 197 
162 2d4solid 1 167 168 199 198 
163 2d4solid 1 168 169 200 199 
164 2d4solid 1 169 170 201 200 
165 2d4solid 1 170 171 202 201 
166 2d4solid 1 171 172 203 202 
167 2d4solid 1 172 173 204 203 
168 2d4solid 1 173 174 205 204 
169 2d4solid 1 174 175 206 205 
170 2d4solid 1 175 176 207 206 
171 2d4solid 1 176 177 208 207 
172 2d4solid 1 177 178 209 208 
173 2d4solid 1 178 179 210 209 
174 2d4solid 1 179 180 211 210 
175 2d4solid 1 180 181 212 211 
176 2d4solid 1 181 182 213 212 
177 2d4solid 1 182 183 214 213 
178 2d4solid 1 183 184 215 214 
179 2d4solid 1 184 185 216 215 
180 2d4solid 1 186 187 218 217 
181 2d4solid 1 187 188 219 218 
182 2d4solid 1 188 189 220 219 
183 2d4solid 1 189 190 221 220 
184 2d4solid 1 190 191 222 221 
185 2d4solid 1 191 192 223 222 
186 2d4solid 1 192 193 224 223 
187 2d4solid 1 193 194 225 224 
188 2d4solid 1 194 195 226 225 
189 2d4solid 1 195 196 227 226 
190 2d4solid 1 196 197 228 227 
191 2d4solid 1 197 198 229 228 
192 2d4solid 1 198 199 230 229 
193 2d4solid 1 199 200 231 230 
194 2d4solid 1 200 201 232 231 
195 2d4solid 1 201 202 233 232 
196 2d4solid 1 202 203 234 233 
197 2d4solid 1 203 204 235 234 
198 2d4solid 1 204 205 236 235 
199 2d4solid 1 205 206 237 236 
200 2d4solid 1 206 207 238 237 
201 2d4solid 1 207 208 239 238 
202 2d4solid 1 208 209 240 239 
203 2d4solid 1 209 210 241 240 
204 2d4solid 1 210 211 242 241 
205 2d4solid 1 211 212 243 242 
206 2d4solid 1 212 213 244 243 
207 2d4solid 1 213 214 245 244 
208 2d4solid 1 214 215 246 245 
209 2d4solid 1 215 216 247 246 
210 2d4solid 1 217 218 249 248 
211 2d4solid 1 218 219 250 249 
212 2d4solid 1 219 220 251 250 
213 2d4solid 1 220 221 252 251 
214 2d4solid 1 221 222 253 252 
215 2d4solid 1 222 223 254 253 
216 2d4solid 1 223 224 255 254 
217 2d4solid 1 224 225 256 255 
218 2d4solid 1 225 226 257 256 
219 2d4solid 1 226 227 258 257 
220 2d4solid 1 227 228 259 258 
221 2d4solid 1 228 229 260 259 
222 2d4solid 1 229 230 261 260 
223 2d4solid 1 230 231 262 261 
224 2d4solid 1 231 232 263 262 
225 2d4solid 1 232 233 264 263 
226 2d4solid 1 233 234 265 264 
227 2d4solid 1 234 235 266 265 
228 2d4solid 1 235 236 267 266 
229 2d4solid 1 236 237 268 267 
230 2d4solid 1 237 238 269 268 
231 2d4solid 1 238 239 270 269 
232 2d4solid 1 239 240 271 270 
233 2d4solid 1 240 241 272 271 
234 2d4solid 1 241 242 273 272 
235 2d4solid 1 242 243 274 273 
236 2d4solid 1 243 244 275 274 
237 2d4solid 1 244 245 276 275 
238 2d4solid 1 245 246 277 276 
239 2d4solid 1 246 247 278 277 
240 2d4solid 1 248 249 280 279 
241 2d4solid 1 249 250 281 280 
242 2d4solid 1 250 251 282 281 
243 2d4solid 1 251 252 283 282 
244 2d4solid 1 252 253 284 283 
245 2d4solid 1 253 254 285 284 
246 2d4solid 1 254 255 286 285 
247 2d4solid 1 255 256 287 286 
248 2d4solid 1 256 257 288 287 
249 2d4solid 1 257 258 289 288 
250 2d4solid 1 258 259 290 289 
251 2d4solid 1 259 260 291 290 
252 2d4solid 1 260 261 292 291 
253 2d4solid 1 261 262 293 292 
254 2d4solid 1 262 263 294 293 
255 2d4solid 1 263 264 295 294 
256 2d4solid 1 264 265 296 295 
257 2d4solid 1 265 266 297 296 
258 2d4solid 1 266 267 298 297 
259 2d4solid 1 267 268 299 298 
260 2d4solid 1 268 269 300 299 
261 2d4solid 1 269 270 301 300 
262 2d4solid 1 270 271 302 301 
263 2d4solid 1 271 272 303 302 
264 2d4solid 1 272 273 304 303 
265 2d4solid 1 273 274 305 304 
266 2d4solid 1 274 275 306 305 
267 2d4solid 1 275 276 307 306 
268 2d4solid 1 276 277 308 307 
269 2d4solid 1 277 278 309 308 
270 2d4solid 1 279 280 311 310 
271 2d4solid 1 280 281 312 311 
272 2d4solid 1 281 282 313 312 
273 2d4solid 1 282 283 314 313 
274 2d4solid 1 283 284 315 314 
275 2d4solid 1 284 285 316 315 
276 2d4solid 1 285 286 317 316 
277 2d4solid 1 286 287 318 317 
278 2d4solid 1 287 288 319 318 
279 2d4solid 1 288 289 320 319 
280 2d4solid 1 289 290 321 320 
281 2d4solid 1 290 291 322 321 
282 2d4solid 1 291 292 323 322 
283 2d4solid 1 292 293 324 323 
284 2d4solid 1 293 294 325 324 
285 2d4solid 1 294 295 326 325 
286 2d4solid 1 295 296 327 326 
287 2d4solid 1 296 297 328 327 
288 2d4solid 1 297 298 329 328 
289 2d4solid 1 298 299 330 329 
290 2d4solid 1 299 300 331 330 
291 2d4solid 1 300 301 332 331 
292 2d4solid 1 301 302 333 332 
293 2d4solid 1 302 303 334 333 
294 2d4solid 1 303 304 335 334 
295 2d4solid 1 304 305 336 335 
296 2d4solid 1 305 306 337 336 
297 2d4solid 1 306 307 338 337 
298 2d4solid 1 307 308 339 338 
299 2d4solid 1 308 309 340 339 
300 1d2input 0 310 311 
301 1d2input 0 311 312 
302 1d2input 0 312 313 
303 1d2input 0 313 314 
304 1d2input 0 314 315 
305 1d2input 0 315 316 
306 1d2input 0 316 317 
307 1d2input 0 317 318 
308 1d2input 0 318 319 
309 1d2input 0 319 320 
310 1d2input 0 320 321 
311 1d2input 0 321 322 
312 1d2input 0 322 323 
313 1d2input 0 323 324 
314 1d2input 0 324 325 
315 1d2input 0 325 326 
316 1d2input 0 326 327 
317 1d2input 0 327 328 
318 1d2input 0 328 329 
319 1d2input 0 329 330 
320 1d2input 0 330 331 
321 1d2input 0 331 332 
322 1d2input 0 332 333 
323 1d2input 0 333 334 
324 1d2input 0 334 335 
325 1d2input 0 335 336 
326 1d2input 0 336 337 
327 1d2input 0 337 338 
328 1d2input 0 338 339 
329 1d2input 0 339 340 
330 connect -1 0 30
331 connect -1 31 61
332 connect -1 62 92
333 connect -1 93 123
334 connect -1 124 154
335 connect -1 155 185
336 connect -1 186 216
337 connect -1 217 247
338 connect -1 248 278
339 connect -1 279 309
340 connect -1 310 340
0 nu_vs_rho 0.33 150.0 1700.0
1 ep_GHES 1700.0 0.333 39000000.0 27800.0 30 0.4
