39 20 3 2 
0 0.0 0.0 1 1 
1 0.5 0.0 1 1 
2 1.0 0.0 1 1 
3 0.0 0.8333333333333334 1 1 
4 0.5 0.8333333333333334 1 1 
5 1.0 0.8333333333333334 1 1 
6 0.0 1.6666666666666667 1 1 
7 0.5 1.6666666666666667 1 1 
8 1.0 1.6666666666666667 1 1 
9 0.0 2.5 1 1 
10 0.5 2.5 1 1 
11 1.0 2.5 1 1 
12 0.0 3.3333333333333335 1 1 
13 0.5 3.3333333333333335 1 1 
14 1.0 3.3333333333333335 1 1 
15 0.0 4.166666666666667 1 1 
16 0.5 4.166666666666667 1 1 
17 1.0 4.166666666666667 1 1 
18 0.0 5.0 1 1 
19 0.5 5.0 1 1 
20 1.0 5.0 1 1 
21 0.0 5.833333333333334 1 1 
22 0.5 5.833333333333334 1 1 
23 1.0 5.833333333333334 1 1 
24 0.0 6.666666666666667 1 1 
25 0.5 6.666666666666667 1 1 
26 1.0 6.666666666666667 1 1 
27 0.0 7.5 1 1 
28 0.5 7.5 1 1 
29 1.0 7.5 1 1 
30 0.0 8.333333333333334 1 1 
31 0.5 8.333333333333334 1 1 
32 1.0 8.333333333333334 1 1 
33 0.0 9.166666666666668 1 1 
34 0.5 9.166666666666668 1 1 
35 1.0 9.166666666666668 1 1 
36 0.0 10.0 1 0 
37 0.5 10.0 1 0 
38 1.0 10.0 1 0 
0 2d9solid 1 0 2 8 6 1 5 7 3 4
1 2d9solid 1 6 8 14 12 7 11 13 9 10
2 2d9solid 1 12 14 20 18 13 17 19 15 16
3 2d9solid 1 18 20 26 24 19 23 25 21 22
4 2d9solid 1 24 26 32 30 25 29 31 27 28
5 2d9solid 1 30 32 38 36 31 35 37 33 34
6 1d3input 2 36 38 37 
7 connect -1 0 2
8 connect -1 3 5
9 connect -1 6 8
10 connect -1 9 11
11 connect -1 12 14
12 connect -1 15 17
13 connect -1 18 20
14 connect -1 21 23
15 connect -1 24 26
16 connect -1 27 29
17 connect -1 30 32
18 connect -1 33 35
19 connect -1 36 38
0 nu_E_rho 0.2 100000000000.0 850.0 
1 nu_vs_rho 0.33 150.0 1700.0 
2 nu_vs_rho 0.33 350.0 1800.0 
