451 131 3 2 
0 0.0 0.0 1 0 0 1
1 1.25 0.0 1 1 1 1
2 2.5 0.0 1 1 1 1
3 3.75 0.0 1 1 1 1
4 5.0 0.0 1 1 1 1
5 6.25 0.0 1 1 1 1
6 7.5 0.0 1 1 1 1
7 8.75 0.0 1 1 1 1
8 10.0 0.0 1 1 1 1
9 11.25 0.0 1 1 1 1
10 12.5 0.0 1 1 1 1
11 13.75 0.0 1 1 1 1
12 15.0 0.0 1 1 1 1
13 16.25 0.0 1 1 1 1
14 17.5 0.0 1 1 1 1
15 18.75 0.0 1 1 1 1
16 20.0 0.0 1 1 1 1
17 21.25 0.0 1 1 1 1
18 22.5 0.0 1 1 1 1
19 23.75 0.0 1 1 1 1
20 25.0 0.0 1 1 1 1
21 26.25 0.0 1 1 1 1
22 27.5 0.0 1 1 1 1
23 28.75 0.0 1 1 1 1
24 30.0 0.0 1 1 1 1
25 31.25 0.0 1 1 1 1
26 32.5 0.0 1 1 1 1
27 33.75 0.0 1 1 1 1
28 35.0 0.0 1 1 1 1
29 36.25 0.0 1 1 1 1
30 37.5 0.0 1 1 1 1
31 38.75 0.0 1 1 1 1
32 40.0 0.0 1 1 1 1
33 41.25 0.0 1 1 1 1
34 42.5 0.0 1 1 1 1
35 43.75 0.0 1 1 1 1
36 45.0 0.0 1 1 1 1
37 46.25 0.0 1 1 1 1
38 47.5 0.0 1 1 1 1
39 48.75 0.0 1 1 1 1
40 50.0 0.0 1 0 0 1
41 0.0 1.0 1 0 0 1
42 1.25 1.0 1 1 1 1
43 2.5 1.0 1 1 1 1
44 3.75 1.0 1 1 1 1
45 5.0 1.0 1 1 1 1
46 6.25 1.0 1 1 1 1
47 7.5 1.0 1 1 1 1
48 8.75 1.0 1 1 1 1
49 10.0 1.0 1 1 1 1
50 11.25 1.0 1 1 1 1
51 12.5 1.0 1 1 1 1
52 13.75 1.0 1 1 1 1
53 15.0 1.0 1 1 1 1
54 16.25 1.0 1 1 1 1
55 17.5 1.0 1 1 1 1
56 18.75 1.0 1 1 1 1
57 20.0 1.0 1 1 1 1
58 21.25 1.0 1 1 1 1
59 22.5 1.0 1 1 1 1
60 23.75 1.0 1 1 1 1
61 25.0 1.0 1 1 1 1
62 26.25 1.0 1 1 1 1
63 27.5 1.0 1 1 1 1
64 28.75 1.0 1 1 1 1
65 30.0 1.0 1 1 1 1
66 31.25 1.0 1 1 1 1
67 32.5 1.0 1 1 1 1
68 33.75 1.0 1 1 1 1
69 35.0 1.0 1 1 1 1
70 36.25 1.0 1 1 1 1
71 37.5 1.0 1 1 1 1
72 38.75 1.0 1 1 1 1
73 40.0 1.0 1 1 1 1
74 41.25 1.0 1 1 1 1
75 42.5 1.0 1 1 1 1
76 43.75 1.0 1 1 1 1
77 45.0 1.0 1 1 1 1
78 46.25 1.0 1 1 1 1
79 47.5 1.0 1 1 1 1
80 48.75 1.0 1 1 1 1
81 50.0 1.0 1 0 0 1
82 0.0 2.0 1 0 0 1
83 1.25 2.0 1 1 1 1
84 2.5 2.0 1 1 1 1
85 3.75 2.0 1 1 1 1
86 5.0 2.0 1 1 1 1
87 6.25 2.0 1 1 1 1
88 7.5 2.0 1 1 1 1
89 8.75 2.0 1 1 1 1
90 10.0 2.0 1 1 1 1
91 11.25 2.0 1 1 1 1
92 12.5 2.0 1 1 1 1
93 13.75 2.0 1 1 1 1
94 15.0 2.0 1 1 1 1
95 16.25 2.0 1 1 1 1
96 17.5 2.0 1 1 1 1
97 18.75 2.0 1 1 1 1
98 20.0 2.0 1 1 1 1
99 21.25 2.0 1 1 1 1
100 22.5 2.0 1 1 1 1
101 23.75 2.0 1 1 1 1
102 25.0 2.0 1 1 1 1
103 26.25 2.0 1 1 1 1
104 27.5 2.0 1 1 1 1
105 28.75 2.0 1 1 1 1
106 30.0 2.0 1 1 1 1
107 31.25 2.0 1 1 1 1
108 32.5 2.0 1 1 1 1
109 33.75 2.0 1 1 1 1
110 35.0 2.0 1 1 1 1
111 36.25 2.0 1 1 1 1
112 37.5 2.0 1 1 1 1
113 38.75 2.0 1 1 1 1
114 40.0 2.0 1 1 1 1
115 41.25 2.0 1 1 1 1
116 42.5 2.0 1 1 1 1
117 43.75 2.0 1 1 1 1
118 45.0 2.0 1 1 1 1
119 46.25 2.0 1 1 1 1
120 47.5 2.0 1 1 1 1
121 48.75 2.0 1 1 1 1
122 50.0 2.0 1 0 0 1
123 0.0 3.0 1 0 0 1
124 1.25 3.0 1 1 1 1
125 2.5 3.0 1 1 1 1
126 3.75 3.0 1 1 1 1
127 5.0 3.0 1 1 1 1
128 6.25 3.0 1 1 1 1
129 7.5 3.0 1 1 1 1
130 8.75 3.0 1 1 1 1
131 10.0 3.0 1 1 1 1
132 11.25 3.0 1 1 1 1
133 12.5 3.0 1 1 1 1
134 13.75 3.0 1 1 1 1
135 15.0 3.0 1 1 1 1
136 16.25 3.0 1 1 1 1
137 17.5 3.0 1 1 1 1
138 18.75 3.0 1 1 1 1
139 20.0 3.0 1 1 1 1
140 21.25 3.0 1 1 1 1
141 22.5 3.0 1 1 1 1
142 23.75 3.0 1 1 1 1
143 25.0 3.0 1 1 1 1
144 26.25 3.0 1 1 1 1
145 27.5 3.0 1 1 1 1
146 28.75 3.0 1 1 1 1
147 30.0 3.0 1 1 1 1
148 31.25 3.0 1 1 1 1
149 32.5 3.0 1 1 1 1
150 33.75 3.0 1 1 1 1
151 35.0 3.0 1 1 1 1
152 36.25 3.0 1 1 1 1
153 37.5 3.0 1 1 1 1
154 38.75 3.0 1 1 1 1
155 40.0 3.0 1 1 1 1
156 41.25 3.0 1 1 1 1
157 42.5 3.0 1 1 1 1
158 43.75 3.0 1 1 1 1
159 45.0 3.0 1 1 1 1
160 46.25 3.0 1 1 1 1
161 47.5 3.0 1 1 1 1
162 48.75 3.0 1 1 1 1
163 50.0 3.0 1 0 0 1
164 0.0 4.0 1 0 0 1
165 1.25 4.0 1 1 1 1
166 2.5 4.0 1 1 1 1
167 3.75 4.0 1 1 1 1
168 5.0 4.0 1 1 1 1
169 6.25 4.0 1 1 1 1
170 7.5 4.0 1 1 1 1
171 8.75 4.0 1 1 1 1
172 10.0 4.0 1 1 1 1
173 11.25 4.0 1 1 1 1
174 12.5 4.0 1 1 1 1
175 13.75 4.0 1 1 1 1
176 15.0 4.0 1 1 1 1
177 16.25 4.0 1 1 1 1
178 17.5 4.0 1 1 1 1
179 18.75 4.0 1 1 1 1
180 20.0 4.0 1 1 1 1
181 21.25 4.0 1 1 1 1
182 22.5 4.0 1 1 1 1
183 23.75 4.0 1 1 1 1
184 25.0 4.0 1 1 1 1
185 26.25 4.0 1 1 1 1
186 27.5 4.0 1 1 1 1
187 28.75 4.0 1 1 1 1
188 30.0 4.0 1 1 1 1
189 31.25 4.0 1 1 1 1
190 32.5 4.0 1 1 1 1
191 33.75 4.0 1 1 1 1
192 35.0 4.0 1 1 1 1
193 36.25 4.0 1 1 1 1
194 37.5 4.0 1 1 1 1
195 38.75 4.0 1 1 1 1
196 40.0 4.0 1 1 1 1
197 41.25 4.0 1 1 1 1
198 42.5 4.0 1 1 1 1
199 43.75 4.0 1 1 1 1
200 45.0 4.0 1 1 1 1
201 46.25 4.0 1 1 1 1
202 47.5 4.0 1 1 1 1
203 48.75 4.0 1 1 1 1
204 50.0 4.0 1 0 0 1
205 0.0 5.0 1 0 0 1
206 1.25 5.0 1 1 1 1
207 2.5 5.0 1 1 1 1
208 3.75 5.0 1 1 1 1
209 5.0 5.0 1 1 1 1
210 6.25 5.0 1 1 1 1
211 7.5 5.0 1 1 1 1
212 8.75 5.0 1 1 1 1
213 10.0 5.0 1 1 1 1
214 11.25 5.0 1 1 1 1
215 12.5 5.0 1 1 1 1
216 13.75 5.0 1 1 1 1
217 15.0 5.0 1 1 1 1
218 16.25 5.0 1 1 1 1
219 17.5 5.0 1 1 1 1
220 18.75 5.0 1 1 1 1
221 20.0 5.0 1 1 1 1
222 21.25 5.0 1 1 1 1
223 22.5 5.0 1 1 1 1
224 23.75 5.0 1 1 1 1
225 25.0 5.0 1 1 1 1
226 26.25 5.0 1 1 1 1
227 27.5 5.0 1 1 1 1
228 28.75 5.0 1 1 1 1
229 30.0 5.0 1 1 1 1
230 31.25 5.0 1 1 1 1
231 32.5 5.0 1 1 1 1
232 33.75 5.0 1 1 1 1
233 35.0 5.0 1 1 1 1
234 36.25 5.0 1 1 1 1
235 37.5 5.0 1 1 1 1
236 38.75 5.0 1 1 1 1
237 40.0 5.0 1 1 1 1
238 41.25 5.0 1 1 1 1
239 42.5 5.0 1 1 1 1
240 43.75 5.0 1 1 1 1
241 45.0 5.0 1 1 1 1
242 46.25 5.0 1 1 1 1
243 47.5 5.0 1 1 1 1
244 48.75 5.0 1 1 1 1
245 50.0 5.0 1 0 0 1
246 0.0 6.0 1 0 0 1
247 1.25 6.0 1 1 1 1
248 2.5 6.0 1 1 1 1
249 3.75 6.0 1 1 1 1
250 5.0 6.0 1 1 1 1
251 6.25 6.0 1 1 1 1
252 7.5 6.0 1 1 1 1
253 8.75 6.0 1 1 1 1
254 10.0 6.0 1 1 1 1
255 11.25 6.0 1 1 1 1
256 12.5 6.0 1 1 1 1
257 13.75 6.0 1 1 1 1
258 15.0 6.0 1 1 1 1
259 16.25 6.0 1 1 1 1
260 17.5 6.0 1 1 1 1
261 18.75 6.0 1 1 1 1
262 20.0 6.0 1 1 1 1
263 21.25 6.0 1 1 1 1
264 22.5 6.0 1 1 1 1
265 23.75 6.0 1 1 1 1
266 25.0 6.0 1 1 1 1
267 26.25 6.0 1 1 1 1
268 27.5 6.0 1 1 1 1
269 28.75 6.0 1 1 1 1
270 30.0 6.0 1 1 1 1
271 31.25 6.0 1 1 1 1
272 32.5 6.0 1 1 1 1
273 33.75 6.0 1 1 1 1
274 35.0 6.0 1 1 1 1
275 36.25 6.0 1 1 1 1
276 37.5 6.0 1 1 1 1
277 38.75 6.0 1 1 1 1
278 40.0 6.0 1 1 1 1
279 41.25 6.0 1 1 1 1
280 42.5 6.0 1 1 1 1
281 43.75 6.0 1 1 1 1
282 45.0 6.0 1 1 1 1
283 46.25 6.0 1 1 1 1
284 47.5 6.0 1 1 1 1
285 48.75 6.0 1 1 1 1
286 50.0 6.0 1 0 0 1
287 0.0 7.0 1 0 0 1
288 1.25 7.0 1 1 1 1
289 2.5 7.0 1 1 1 1
290 3.75 7.0 1 1 1 1
291 5.0 7.0 1 1 1 1
292 6.25 7.0 1 1 1 1
293 7.5 7.0 1 1 1 1
294 8.75 7.0 1 1 1 1
295 10.0 7.0 1 1 1 1
296 11.25 7.0 1 1 1 1
297 12.5 7.0 1 1 1 1
298 13.75 7.0 1 1 1 1
299 15.0 7.0 1 1 1 1
300 16.25 7.0 1 1 1 1
301 17.5 7.0 1 1 1 1
302 18.75 7.0 1 1 1 1
303 20.0 7.0 1 1 1 1
304 21.25 7.0 1 1 1 1
305 22.5 7.0 1 1 1 1
306 23.75 7.0 1 1 1 1
307 25.0 7.0 1 1 1 1
308 26.25 7.0 1 1 1 1
309 27.5 7.0 1 1 1 1
310 28.75 7.0 1 1 1 1
311 30.0 7.0 1 1 1 1
312 31.25 7.0 1 1 1 1
313 32.5 7.0 1 1 1 1
314 33.75 7.0 1 1 1 1
315 35.0 7.0 1 1 1 1
316 36.25 7.0 1 1 1 1
317 37.5 7.0 1 1 1 1
318 38.75 7.0 1 1 1 1
319 40.0 7.0 1 1 1 1
320 41.25 7.0 1 1 1 1
321 42.5 7.0 1 1 1 1
322 43.75 7.0 1 1 1 1
323 45.0 7.0 1 1 1 1
324 46.25 7.0 1 1 1 1
325 47.5 7.0 1 1 1 1
326 48.75 7.0 1 1 1 1
327 50.0 7.0 1 0 0 1
328 0.0 8.0 1 0 0 1
329 1.25 8.0 1 1 1 1
330 2.5 8.0 1 1 1 1
331 3.75 8.0 1 1 1 1
332 5.0 8.0 1 1 1 1
333 6.25 8.0 1 1 1 1
334 7.5 8.0 1 1 1 1
335 8.75 8.0 1 1 1 1
336 10.0 8.0 1 1 1 1
337 11.25 8.0 1 1 1 1
338 12.5 8.0 1 1 1 1
339 13.75 8.0 1 1 1 1
340 15.0 8.0 1 1 1 1
341 16.25 8.0 1 1 1 1
342 17.5 8.0 1 1 1 1
343 18.75 8.0 1 1 1 1
344 20.0 8.0 1 1 1 1
345 21.25 8.0 1 1 1 1
346 22.5 8.0 1 1 1 1
347 23.75 8.0 1 1 1 1
348 25.0 8.0 1 1 1 1
349 26.25 8.0 1 1 1 1
350 27.5 8.0 1 1 1 1
351 28.75 8.0 1 1 1 1
352 30.0 8.0 1 1 1 1
353 31.25 8.0 1 1 1 1
354 32.5 8.0 1 1 1 1
355 33.75 8.0 1 1 1 1
356 35.0 8.0 1 1 1 1
357 36.25 8.0 1 1 1 1
358 37.5 8.0 1 1 1 1
359 38.75 8.0 1 1 1 1
360 40.0 8.0 1 1 1 1
361 41.25 8.0 1 1 1 1
362 42.5 8.0 1 1 1 1
363 43.75 8.0 1 1 1 1
364 45.0 8.0 1 1 1 1
365 46.25 8.0 1 1 1 1
366 47.5 8.0 1 1 1 1
367 48.75 8.0 1 1 1 1
368 50.0 8.0 1 0 0 1
369 0.0 9.0 1 0 0 1
370 1.25 9.0 1 1 1 1
371 2.5 9.0 1 1 1 1
372 3.75 9.0 1 1 1 1
373 5.0 9.0 1 1 1 1
374 6.25 9.0 1 1 1 1
375 7.5 9.0 1 1 1 1
376 8.75 9.0 1 1 1 1
377 10.0 9.0 1 1 1 1
378 11.25 9.0 1 1 1 1
379 12.5 9.0 1 1 1 1
380 13.75 9.0 1 1 1 1
381 15.0 9.0 1 1 1 1
382 16.25 9.0 1 1 1 1
383 17.5 9.0 1 1 1 1
384 18.75 9.0 1 1 1 1
385 20.0 9.0 1 1 1 1
386 21.25 9.0 1 1 1 1
387 22.5 9.0 1 1 1 1
388 23.75 9.0 1 1 1 1
389 25.0 9.0 1 1 1 1
390 26.25 9.0 1 1 1 1
391 27.5 9.0 1 1 1 1
392 28.75 9.0 1 1 1 1
393 30.0 9.0 1 1 1 1
394 31.25 9.0 1 1 1 1
395 32.5 9.0 1 1 1 1
396 33.75 9.0 1 1 1 1
397 35.0 9.0 1 1 1 1
398 36.25 9.0 1 1 1 1
399 37.5 9.0 1 1 1 1
400 38.75 9.0 1 1 1 1
401 40.0 9.0 1 1 1 1
402 41.25 9.0 1 1 1 1
403 42.5 9.0 1 1 1 1
404 43.75 9.0 1 1 1 1
405 45.0 9.0 1 1 1 1
406 46.25 9.0 1 1 1 1
407 47.5 9.0 1 1 1 1
408 48.75 9.0 1 1 1 1
409 50.0 9.0 1 0 0 1
410 0.0 10.0 1 0 0 0
411 1.25 10.0 1 0 1 0
412 2.5 10.0 1 0 1 0
413 3.75 10.0 1 0 1 0
414 5.0 10.0 1 0 1 0
415 6.25 10.0 1 0 1 0
416 7.5 10.0 1 0 1 0
417 8.75 10.0 1 0 1 0
418 10.0 10.0 1 0 1 0
419 11.25 10.0 1 0 1 0
420 12.5 10.0 1 0 1 0
421 13.75 10.0 1 0 1 0
422 15.0 10.0 1 0 1 0
423 16.25 10.0 1 0 1 0
424 17.5 10.0 1 0 1 0
425 18.75 10.0 1 0 1 0
426 20.0 10.0 1 0 1 0
427 21.25 10.0 1 0 1 0
428 22.5 10.0 1 0 1 0
429 23.75 10.0 1 0 1 0
430 25.0 10.0 1 0 1 0
431 26.25 10.0 1 0 1 0
432 27.5 10.0 1 0 1 0
433 28.75 10.0 1 0 1 0
434 30.0 10.0 1 0 1 0
435 31.25 10.0 1 0 1 0
436 32.5 10.0 1 0 1 0
437 33.75 10.0 1 0 1 0
438 35.0 10.0 1 0 1 0
439 36.25 10.0 1 0 1 0
440 37.5 10.0 1 0 1 0
441 38.75 10.0 1 0 1 0
442 40.0 10.0 1 0 1 0
443 41.25 10.0 1 0 1 0
444 42.5 10.0 1 0 1 0
445 43.75 10.0 1 0 1 0
446 45.0 10.0 1 0 1 0
447 46.25 10.0 1 0 1 0
448 47.5 10.0 1 0 1 0
449 48.75 10.0 1 0 1 0
450 50.0 10.0 1 0 0 0
0 2d9solid 1 0 2 84 82 1 43 83 41 42
1 2d9solid 1 2 4 86 84 3 45 85 43 44
2 2d9solid 1 4 6 88 86 5 47 87 45 46
3 2d9solid 1 6 8 90 88 7 49 89 47 48
4 2d9solid 1 8 10 92 90 9 51 91 49 50
5 2d9solid 1 10 12 94 92 11 53 93 51 52
6 2d9solid 1 12 14 96 94 13 55 95 53 54
7 2d9solid 1 14 16 98 96 15 57 97 55 56
8 2d9solid 1 16 18 100 98 17 59 99 57 58
9 2d9solid 1 18 20 102 100 19 61 101 59 60
10 2d9solid 0 20 22 104 102 21 63 103 61 62
11 2d9solid 0 22 24 106 104 23 65 105 63 64
12 2d9solid 0 24 26 108 106 25 67 107 65 66
13 2d9solid 0 26 28 110 108 27 69 109 67 68
14 2d9solid 0 28 30 112 110 29 71 111 69 70
15 2d9solid 0 30 32 114 112 31 73 113 71 72
16 2d9solid 0 32 34 116 114 33 75 115 73 74
17 2d9solid 0 34 36 118 116 35 77 117 75 76
18 2d9solid 0 36 38 120 118 37 79 119 77 78
19 2d9solid 0 38 40 122 120 39 81 121 79 80
20 2d9solid 1 82 84 166 164 83 125 165 123 124
21 2d9solid 1 84 86 168 166 85 127 167 125 126
22 2d9solid 1 86 88 170 168 87 129 169 127 128
23 2d9solid 1 88 90 172 170 89 131 171 129 130
24 2d9solid 1 90 92 174 172 91 133 173 131 132
25 2d9solid 1 92 94 176 174 93 135 175 133 134
26 2d9solid 1 94 96 178 176 95 137 177 135 136
27 2d9solid 1 96 98 180 178 97 139 179 137 138
28 2d9solid 1 98 100 182 180 99 141 181 139 140
29 2d9solid 1 100 102 184 182 101 143 183 141 142
30 2d9solid 0 102 104 186 184 103 145 185 143 144
31 2d9solid 0 104 106 188 186 105 147 187 145 146
32 2d9solid 0 106 108 190 188 107 149 189 147 148
33 2d9solid 0 108 110 192 190 109 151 191 149 150
34 2d9solid 0 110 112 194 192 111 153 193 151 152
35 2d9solid 0 112 114 196 194 113 155 195 153 154
36 2d9solid 0 114 116 198 196 115 157 197 155 156
37 2d9solid 0 116 118 200 198 117 159 199 157 158
38 2d9solid 0 118 120 202 200 119 161 201 159 160
39 2d9solid 0 120 122 204 202 121 163 203 161 162
40 2d9solid 1 164 166 248 246 165 207 247 205 206
41 2d9solid 1 166 168 250 248 167 209 249 207 208
42 2d9solid 1 168 170 252 250 169 211 251 209 210
43 2d9solid 1 170 172 254 252 171 213 253 211 212
44 2d9solid 1 172 174 256 254 173 215 255 213 214
45 2d9solid 1 174 176 258 256 175 217 257 215 216
46 2d9solid 1 176 178 260 258 177 219 259 217 218
47 2d9solid 1 178 180 262 260 179 221 261 219 220
48 2d9solid 1 180 182 264 262 181 223 263 221 222
49 2d9solid 1 182 184 266 264 183 225 265 223 224
50 2d9solid 1 184 186 268 266 185 227 267 225 226
51 2d9solid 1 186 188 270 268 187 229 269 227 228
52 2d9solid 1 188 190 272 270 189 231 271 229 230
53 2d9solid 1 190 192 274 272 191 233 273 231 232
54 2d9solid 1 192 194 276 274 193 235 275 233 234
55 2d9solid 1 194 196 278 276 195 237 277 235 236
56 2d9solid 1 196 198 280 278 197 239 279 237 238
57 2d9solid 1 198 200 282 280 199 241 281 239 240
58 2d9solid 1 200 202 284 282 201 243 283 241 242
59 2d9solid 1 202 204 286 284 203 245 285 243 244
60 2d9solid 1 246 248 330 328 247 289 329 287 288
61 2d9solid 1 248 250 332 330 249 291 331 289 290
62 2d9solid 1 250 252 334 332 251 293 333 291 292
63 2d9solid 1 252 254 336 334 253 295 335 293 294
64 2d9solid 1 254 256 338 336 255 297 337 295 296
65 2d9solid 1 256 258 340 338 257 299 339 297 298
66 2d9solid 1 258 260 342 340 259 301 341 299 300
67 2d9solid 1 260 262 344 342 261 303 343 301 302
68 2d9solid 1 262 264 346 344 263 305 345 303 304
69 2d9solid 1 264 266 348 346 265 307 347 305 306
70 2d9solid 1 266 268 350 348 267 309 349 307 308
71 2d9solid 1 268 270 352 350 269 311 351 309 310
72 2d9solid 1 270 272 354 352 271 313 353 311 312
73 2d9solid 1 272 274 356 354 273 315 355 313 314
74 2d9solid 1 274 276 358 356 275 317 357 315 316
75 2d9solid 1 276 278 360 358 277 319 359 317 318
76 2d9solid 1 278 280 362 360 279 321 361 319 320
77 2d9solid 1 280 282 364 362 281 323 363 321 322
78 2d9solid 1 282 284 366 364 283 325 365 323 324
79 2d9solid 1 284 286 368 366 285 327 367 325 326
80 2d9solid 1 328 330 412 410 329 371 411 369 370
81 2d9solid 1 330 332 414 412 331 373 413 371 372
82 2d9solid 1 332 334 416 414 333 375 415 373 374
83 2d9solid 1 334 336 418 416 335 377 417 375 376
84 2d9solid 1 336 338 420 418 337 379 419 377 378
85 2d9solid 1 338 340 422 420 339 381 421 379 380
86 2d9solid 1 340 342 424 422 341 383 423 381 382
87 2d9solid 1 342 344 426 424 343 385 425 383 384
88 2d9solid 1 344 346 428 426 345 387 427 385 386
89 2d9solid 1 346 348 430 428 347 389 429 387 388
90 2d9solid 1 348 350 432 430 349 391 431 389 390
91 2d9solid 1 350 352 434 432 351 393 433 391 392
92 2d9solid 1 352 354 436 434 353 395 435 393 394
93 2d9solid 1 354 356 438 436 355 397 437 395 396
94 2d9solid 1 356 358 440 438 357 399 439 397 398
95 2d9solid 1 358 360 442 440 359 401 441 399 400
96 2d9solid 1 360 362 444 442 361 403 443 401 402
97 2d9solid 1 362 364 446 444 363 405 445 403 404
98 2d9solid 1 364 366 448 446 365 407 447 405 406
99 2d9solid 1 366 368 450 448 367 409 449 407 408
100 1d3input 1 410 412 411 
101 1d3input 1 412 414 413 
102 1d3input 1 414 416 415 
103 1d3input 1 416 418 417 
104 1d3input 1 418 420 419 
105 1d3input 1 420 422 421 
106 1d3input 1 422 424 423 
107 1d3input 1 424 426 425 
108 1d3input 1 426 428 427 
109 1d3input 1 428 430 429 
110 1d3input 1 430 432 431 
111 1d3input 1 432 434 433 
112 1d3input 1 434 436 435 
113 1d3input 1 436 438 437 
114 1d3input 1 438 440 439 
115 1d3input 1 440 442 441 
116 1d3input 1 442 444 443 
117 1d3input 1 444 446 445 
118 1d3input 1 446 448 447 
119 1d3input 1 448 450 449 
120 periodic 2 0 40
121 periodic 2 41 81
122 periodic 2 82 122
123 periodic 2 123 163
124 periodic 2 164 204
125 periodic 2 205 245
126 periodic 2 246 286
127 periodic 2 287 327
128 periodic 2 328 368
129 periodic 2 369 409
130 periodic 2 410 450
0 vs_vp_rho 0.0 1500.0 1750.0 
1 vs_vp_rho 200.0 1500.0 1750.0 
2 nu_vp_rho 0 1500.0 1750.0 
