9.574959118636109257e-04
9.642755667488247433e-04
9.855749130285602205e-04
1.007743726016192224e-03
1.030914634470051763e-03
1.055346434488220334e-03
1.081488470963741120e-03
1.110154021788806568e-03
1.142729756999858511e-03
1.181650379539459991e-03
1.231176450304643242e-03
1.299171802069201643e-03
1.401326461977050195e-03
1.573915143652253670e-03
1.924586451540080765e-03
2.961554291865129643e-03
8.483399812630468967e-03
1.515767798596877672e-02
1.956151060625647975e-02
1.574352681516060642e-02
1.593229688606226380e-02
1.613881487709254922e-02
1.634111523596327650e-02
1.652921761489193134e-02
1.669960396731827446e-02
1.685191831556337450e-02
1.698722699347067489e-02
1.710714814159987329e-02
1.721342864131213124e-02
1.730774765821246897e-02
