0.000000000000000000e+00
8.039090908763128806e-04
3.211574875238876626e-03
7.210828277796339607e-03
1.278143875292205023e-02
1.989519097318838414e-02
2.851599183139535282e-02
3.860000739554591415e-02
5.009582935516191521e-02
6.294467039773435357e-02
7.708058785627446008e-02
9.243073487318805015e-02
1.089156382323372557e-01
1.264495019204779636e-01
1.449405353915555195e-01
1.642913054228853087e-01
1.843991103713041591e-01
2.051563755602202332e-01
2.264510684553462661e-01
2.481671322180239170e-01
2.701849361606448174e-01
2.923817415689606292e-01
3.146321813012448732e-01
3.368087515244976293e-01
3.587823139033390341e-01
3.804226065180614236e-01
4.015987617546419863e-01
4.221798293814595926e-01
4.420353030051248910e-01
4.610356480812839441e-01
4.790528296455703883e-01
4.959608379250927679e-01
5.116362099919816719e-01
5.259585456275951421e-01
5.388110155789782585e-01
5.500808604080656972e-01
5.596598781588522087e-01
5.674448990982865482e-01
5.733382458228616363e-01
5.772481770647017729e-01
5.790893135782524404e-01
5.787830445413293390e-01
5.762579129621343554e-01
5.714499786467190923e-01
5.643031573490970842e-01
5.547695347985682757e-01
5.428096543756160131e-01
5.283927772887345720e-01
5.114971141895052753e-01
4.921100272519092766e-01
4.702282018339786207e-01
4.458577869351637024e-01
4.190145037609528389e-01
3.897237218070215281e-01
3.580205019781976250e-01
3.239496063625167399e-01
2.875654743872598784e-01
2.489321651918004474e-01
2.081232661610255830e-01
1.652217676726604190e-01
1.203199042217319437e-01
7.351896219526221632e-02
2.492905467979111139e-02
-2.533113620688427076e-02
-7.713464886060318604e-02
-1.303465629068764620e-01
-1.848243502778915692e-01
-2.404182557377366469e-01
-2.969717058428498757e-01
-3.543217452271593126e-01
-4.122994990068397647e-01
-4.707306600083712156e-01
-5.294359994359544297e-01
-5.882318995105690895e-01
-6.469309065333750386e-01
-7.053423027509676535e-01
-7.632726953294916017e-01
-8.205266206789977312e-01
-8.769071623089637058e-01
-9.322165803407316265e-01
-9.862569507530104529e-01
-1.038830812392655956e+00
-1.089741819744906248e+00
-1.138795399425170052e+00
-1.185799408328577220e+00
-1.230564791353786935e+00
-1.272906236604214314e+00
-1.312642825962867743e+00
-1.349598678936465568e+00
-1.383603587670495960e+00
-1.414493641049311856e+00
-1.442111835814324117e+00
-1.466308672658749979e+00
-1.486942735289196627e+00
-1.503881250482539400e+00
-1.517000627210972841e+00
-1.526186972958732957e+00
-1.531336585410611351e+00
-1.532356417754927369e+00
-1.529164515911905831e+00
-1.521690426072245916e+00
-1.509875571009885231e+00
-1.493673593717337766e+00
-1.473050667001282621e+00
-1.447985767770090249e+00
-1.418470914843385167e+00
-1.384511369216343546e+00
-1.346125795817891602e+00
-1.303346385911987815e+00
-1.256218939404509571e+00
-1.204802906434492504e+00
-1.149171387747333073e+00
-1.089411093468733549e+00
-1.025622260021175736e+00
-9.579185250494027803e-01
-8.864267603471562840e-01
-8.112868629041308788e-01
-7.326515043192430854e-01
-6.506858389534876386e-01
-5.655671713226747555e-01
-4.774845833565206643e-01
-3.866385222758906282e-01
-2.932403499637173394e-01
-1.975118548271895813e-01
-9.968472726866411948e-02
-4.898587196589412829e-16
1.004886363595394738e-01
2.007234297024292069e-01
3.004511782415144050e-01
3.994199610288133862e-01
4.973797743297097562e-01
5.940831631540691715e-01
6.892858463490342258e-01
7.827473336744057431e-01
8.742315333018658707e-01
9.635073482034313130e-01
1.050349259922591427e+00
1.134537898253513699e+00
1.215860595389210763e+00
1.294111923138889120e+00
1.369094211857378562e+00
1.440618049775814313e+00
1.508502761472208631e+00
1.572576864273238062e+00
1.632678501434368767e+00
1.688655851004030373e+00
1.740367509339052043e+00
1.787682848302528438e+00
1.830482345241835729e+00
1.868657884913223599e+00
1.902113032590307062e+00
1.930763277666547317e+00
1.954536247136386740e+00
1.973371888415735853e+00
1.987222621040016790e+00
1.996053456856543118e+00
1.999842088407632223e+00
1.998578945281178409e+00
1.992267218286345010e+00
1.980922851393302375e+00
1.964574501457377220e+00
1.943263465829348391e+00
1.917043578034752116e+00
1.885981071785729046e+00
1.850154413668915865e+00
1.809654104932038488e+00
1.764582452869907225e+00
1.715053312387304629e+00
1.661191798391625118e+00
1.603133969741752374e+00
1.541026485551577174e+00
1.475026234716348084e+00
1.405299939597698167e+00
1.332023734868502451e+00
1.255382722581399380e+00
1.175570504584946718e+00
1.092788693468538019e+00
1.007246403271520929e+00
9.191597212429740704e-01
8.287511619865658430e-01
7.362491053693559495e-01
6.418872196144181919e-01
5.459038710346522105e-01
4.485415218987633401e-01
3.500461179505522380e-01
2.506664671286077950e-01
1.506536110558674424e-01
5.026019088667611767e-02
-5.026019088667464663e-02
-1.506536110558659713e-01
-2.506664671286063517e-01
-3.500461179505507947e-01
-4.485415218987618968e-01
-5.459038710346508783e-01
-6.418872196144201903e-01
-7.362491053693545062e-01
-8.287511619865677304e-01
-9.191597212429759578e-01
-1.007246403271522706e+00
-1.092788693468539796e+00
-1.175570504584945608e+00
-1.255382722581400934e+00
-1.332023734868503784e+00
-1.405299939597699721e+00
-1.475026234716347195e+00
-1.541026485551578507e+00
-1.603133969741753484e+00
-1.661191798391626229e+00
-1.715053312387305740e+00
-1.764582452869906337e+00
-1.809654104932039376e+00
-1.850154413668916531e+00
-1.885981071785729712e+00
-1.917043578034752782e+00
-1.943263465829347947e+00
-1.964574501457376998e+00
-1.980922851393302153e+00
-1.992267218286344788e+00
-1.998578945281178409e+00
-1.999842088407632223e+00
-1.996053456856543118e+00
-1.987222621040016790e+00
-1.973371888415736075e+00
-1.954536247136386740e+00
-1.930763277666548206e+00
-1.902113032590307506e+00
-1.868657884913224043e+00
-1.830482345241834841e+00
-1.787682848302526883e+00
-1.740367509339051821e+00
-1.688655851004030151e+00
-1.632678501434367435e+00
-1.572576864273236952e+00
-1.508502761472208409e+00
-1.440618049775814091e+00
-1.369094211857377008e+00
-1.294111923138887565e+00
-1.215860595389208987e+00
-1.134537898253513477e+00
-1.050349259922591205e+00
-9.635073482034295367e-01
-8.742315333018639834e-01
-7.827473336744021903e-01
-6.892858463490338927e-01
-5.940831631540688385e-01
-4.973797743297077578e-01
-3.994199610288113877e-01
-3.004511782415140719e-01
-2.007234297024324543e-01
-1.004886363595409449e-01
-9.797174393178825657e-16
1.004886363595389881e-01
2.007234297024304837e-01
3.004511782415121290e-01
3.994199610288129421e-01
4.973797743297093121e-01
5.940831631540703928e-01
6.892858463490321164e-01
7.827473336744036336e-01
8.742315333018654266e-01
9.635073482034308689e-01
1.050349259922592537e+00
1.134537898253511701e+00
1.215860595389210319e+00
1.294111923138888898e+00
1.369094211857378118e+00
1.440618049775815201e+00
1.508502761472207077e+00
1.572576864273237840e+00
1.632678501434368545e+00
1.688655851004031039e+00
1.740367509339050933e+00
1.787682848302527550e+00
1.830482345241835507e+00
1.868657884913224709e+00
1.902113032590307951e+00
1.930763277666547761e+00
1.954536247136386962e+00
1.973371888415736297e+00
1.987222621040017012e+00
1.996053456856543340e+00
1.999842088407632223e+00
1.998578945281178409e+00
1.992267218286344788e+00
1.980922851393301931e+00
1.964574501457377220e+00
1.943263465829347503e+00
1.917043578034751228e+00
1.885981071785727936e+00
1.850154413668914755e+00
1.809654104932038710e+00
1.764582452869905671e+00
1.715053312387303075e+00
1.661191798391623342e+00
1.603133969741750597e+00
1.541026485551577396e+00
1.475026234716346085e+00
1.405299939597695946e+00
1.332023734868505338e+00
1.255382722581402488e+00
1.175570504584947162e+00
1.092788693468541350e+00
1.007246403271524260e+00
9.191597212429776231e-01
8.287511619865695067e-01
7.362491053693563936e-01
6.418872196144219666e-01
5.459038710346527656e-01
4.485415218987638397e-01
3.500461179505527376e-01
2.506664671286082946e-01
1.506536110558679420e-01
5.026019088667660339e-02
-5.026019088667416090e-02
-1.506536110558654995e-01
-2.506664671286058521e-01
-3.500461179505502951e-01
-4.485415218987614527e-01
-5.459038710346503231e-01
-6.418872196144196351e-01
-7.362491053693573928e-01
-8.287511619865705059e-01
-9.191597212429722941e-01
-1.007246403271519153e+00
-1.092788693468536465e+00
-1.175570504584945164e+00
-1.255382722581400712e+00
-1.332023734868503562e+00
-1.405299939597699277e+00
-1.475026234716349194e+00
-1.541026485551580283e+00
-1.603133969741755482e+00
-1.661191798391624008e+00
-1.715053312387303741e+00
-1.764582452869906115e+00
-1.809654104932039154e+00
-1.850154413668916531e+00
-1.885981071785729490e+00
-1.917043578034752560e+00
-1.943263465829348613e+00
-1.964574501457378108e+00
-1.980922851393302153e+00
-1.992267218286344788e+00
-1.998578945281178409e+00
-1.999842088407632223e+00
-1.996053456856543118e+00
-1.987222621040016568e+00
-1.973371888415735631e+00
-1.954536247136386073e+00
-1.930763277666546429e+00
-1.902113032590307506e+00
-1.868657884913224265e+00
-1.830482345241835063e+00
-1.787682848302527105e+00
-1.740367509339050267e+00
-1.688655851004028596e+00
-1.632678501434365659e+00
-1.572576864273234953e+00
-1.508502761472203968e+00
-1.440618049775809428e+00
-1.369094211857377452e+00
-1.294111923138888010e+00
-1.215860595389209431e+00
-1.134537898253510813e+00
-1.050349259922594536e+00
-9.635073482034330894e-01
-8.742315333018676471e-01
-7.827473336744058541e-01
-6.892858463490344478e-01
-5.940831631540692825e-01
-4.973797743297082019e-01
-3.994199610288188262e-01
-3.004511782415180687e-01
-2.007234297024329261e-01
-1.004886363595414306e-01
-1.469576158976823750e-15
9.968472726866217659e-02
1.975118548271911356e-01
2.932403499637188382e-01
3.866385222758937923e-01
4.774845833565171116e-01
5.655671713226713138e-01
6.506858389534858622e-01
7.326515043192413090e-01
8.112868629041306567e-01
8.864267603471560619e-01
9.579185250494038906e-01
1.025622260021176846e+00
1.089411093468734437e+00
1.149171387747330408e+00
1.204802906434490062e+00
1.256218939404508239e+00
1.303346385911986482e+00
1.346125795817891158e+00
1.384511369216343990e+00
1.418470914843385611e+00
1.447985767770091137e+00
1.473050667001283509e+00
1.493673593717338433e+00
1.509875571009883899e+00
1.521690426072245028e+00
1.529164515911905387e+00
1.532356417754926925e+00
1.531336585410610907e+00
1.526186972958732735e+00
1.517000627210972619e+00
1.503881250482538956e+00
1.486942735289196182e+00
1.466308672658749535e+00
1.442111835814323895e+00
1.414493641049311190e+00
1.383603587670495072e+00
1.349598678936464458e+00
1.312642825962866189e+00
1.272906236604212982e+00
1.230564791353784937e+00
1.185799408328575222e+00
1.138795399425170274e+00
1.089741819744905804e+00
1.038830812392655512e+00
9.862569507530092316e-01
9.322165803407305162e-01
8.769071623089620404e-01
8.205266206789958439e-01
7.632726953294891592e-01
7.053423027509646559e-01
6.469309065333710418e-01
5.882318995105682014e-01
5.294359994359532084e-01
4.707306600083696058e-01
4.122994990068417076e-01
3.543217452271612000e-01
2.969717058428513745e-01
2.404182557377376739e-01
1.848243502778921243e-01
1.303465629068765730e-01
7.713464886060282522e-02
2.533113620688346584e-02
-2.492905467978837747e-02
-7.351896219526039833e-02
-1.203199042217305698e-01
-1.652217676726595308e-01
-2.081232661610250556e-01
-2.489321651918003364e-01
-2.875654743872597674e-01
-3.239496063625170175e-01
-3.580205019781982356e-01
-3.897237218070200293e-01
-4.190145037609517287e-01
-4.458577869351625922e-01
-4.702282018339778991e-01
-4.921100272519087770e-01
-5.114971141895051643e-01
-5.283927772887346830e-01
-5.428096543756162351e-01
-5.547695347985686087e-01
-5.643031573490975283e-01
-5.714499786467183151e-01
-5.762579129621336893e-01
-5.787830445413288949e-01
-5.790893135782522183e-01
-5.772481770647015509e-01
-5.733382458228614142e-01
-5.674448990982863261e-01
-5.596598781588519866e-01
-5.500808604080654751e-01
-5.388110155789778144e-01
-5.259585456275945869e-01
-5.116362099919812279e-01
-4.959608379250923238e-01
-4.790528296455698887e-01
-4.610356480812833890e-01
-4.420353030051242804e-01
-4.221798293814589265e-01
-4.015987617546412092e-01
-3.804226065180610350e-01
-3.587823139033385900e-01
-3.368087515244971852e-01
-3.146321813012443180e-01
-2.923817415689599630e-01
-2.701849361606440958e-01
-2.481671322180231398e-01
-2.264510684553453779e-01
-2.051563755602193173e-01
-1.843991103713031598e-01
-1.642913054228848646e-01
-1.449405353915550476e-01
-1.264495019204774084e-01
-1.089156382323366729e-01
-9.243073487318743953e-02
-7.708058785627382170e-02
-6.294467039773370132e-02
-5.009582935516129071e-02
-3.860000739554531046e-02
-2.851599183139510996e-02
-1.989519097318814475e-02
-1.278143875292222717e-02
-7.210828277796452364e-03
-3.211574875238937775e-03
-8.039090908763360825e-04
