0.000000000000000000e+00
7.075258176267221692e-07
4.948677200276976419e-06
1.591765907211370131e-05
3.677465461180339320e-05
7.062978946423689394e-05
1.205272857550526564e-04
1.894298661185636883e-04
2.802034671071166856e-04
3.956023203069198744e-04
5.382544582452634041e-04
7.106477007407374777e-04
9.151161757260630391e-04
1.153827426767614151e-03
1.428770157522346292e-03
1.741742661217912571e-03
2.094341980922103091e-03
2.487953843890690180e-03
2.923743410656183886e-03
3.402646876752228166e-03
3.925363962068158935e-03
4.492351319804833987e-03
5.103816893865846527e-03
5.759715250277606252e-03
6.459743904897837646e-03
7.203340666255492533e-03
7.989682008876662980e-03
8.817682488902184659e-03
9.685995210204296005e-03
1.059301334557384219e-02
1.153687271388737119e-02
1.251545541048720497e-02
1.352639448432872878e-02
1.456707965177971714e-02
1.563466403330838680e-02
1.672607189568176694e-02
1.783800737872572734e-02
1.896696418218416988e-02
2.010923618476894575e-02
2.126092896412532310e-02
2.241797218316126869e-02
2.357613280501354505e-02
2.473102909585946085e-02
2.587814537184121577e-02
2.701284744355914036e-02
2.813039870892068001e-02
2.922597684261252216e-02
3.029469102810257441e-02
3.133159967588455830e-02
3.233172856965836617e-02
3.329008938030147968e-02
3.420169848583657496e-02
3.506159603414477771e-02
3.586486518391743261e-02
3.660665145828714828e-02
3.728218214473519310e-02
3.788678567424039190e-02
3.841591091221813192e-02
3.886514629359786449e-02
3.923023873440692477e-02
3.950711225246655162e-02
3.969188623026475432e-02
3.978089325374791624e-02
3.977069646166928041e-02
3.965810634124450340e-02
3.944019690719078458e-02
3.911432120276282787e-02
3.867812606314281060e-02
3.812956608348767179e-02
3.746691673608051887e-02
3.668878658336798687e-02
3.579412853618567369e-02
3.478225010917184584e-02
3.365282262823913323e-02
3.240588934800509718e-02
3.104187244026846565e-02
2.956157881794788111e-02
2.796620476236580041e-02
2.625733932535063986e-02
2.443696648133558344e-02
2.250746600844132431e-02
2.047161308143139249e-02
1.833257656341092875e-02
1.609391598719079816e-02
1.375957722134680573e-02
1.133388682015615094e-02
8.821545060777069222e-03
6.227617675240876630e-03
3.557526289034785780e-03
8.170375822564303033e-04
-1.987748806496192431e-03
-4.850413609185550562e-03
-7.764232461927952737e-03
-1.072219161065530654e-02
-1.371700475240647532e-02
-1.674113097191866698e-02
-1.978679372939481235e-02
-2.284600085163690855e-02
-2.591056547516958075e-02
-2.897212788654460539e-02
-3.202217820172666152e-02
-3.505207982332442240e-02
-3.805309361145949032e-02
-4.101640270126893917e-02
-4.393313789742451375e-02
-4.679440357363239683e-02
-4.959130400286020784e-02
-5.231497004203026352e-02
-5.495658609312809029e-02
-5.750741726110903534e-02
-5.995883662764982247e-02
-6.230235255869167460e-02
-6.452963596286197256e-02
-6.663254741724619623e-02
-6.860316407661491700e-02
-7.043380628209454375e-02
-7.211706378540638784e-02
-7.364582150518975134e-02
-7.501328473256922702e-02
-7.621300370402531166e-02
-7.723889746077990115e-02
-7.808527691531141901e-02
-7.874686704726698017e-02
-7.921882815293669611e-02
-7.949677607459446071e-02
-7.957680133838598846e-02
-7.945619465786937785e-02
-7.913487473380555193e-02
-7.861365324820938916e-02
-7.789384685178926682e-02
-7.697727383797305090e-02
-7.586624954974115209e-02
-7.456358053086922788e-02
-7.307255743635490686e-02
-7.139694671993779274e-02
-6.954098111971040996e-02
-6.750934896585440714e-02
-6.530718233751163504e-02
-6.294004409870684880e-02
-6.041391384607038700e-02
-5.773517280385811329e-02
-5.491058770442512615e-02
-5.194729369487260939e-02
-4.885277631304692919e-02
-4.563485257842145315e-02
-4.230165124562688950e-02
-3.886159227051164122e-02
-3.532336554060257899e-02
-3.169590892369494872e-02
-2.798838569002262688e-02
-2.421016136504226465e-02
-2.037078007130317323e-02
-1.647994041916541960e-02
-1.254747100726836401e-02
-8.583305594637472349e-03
-4.597458007146900706e-03
-5.999968417262517345e-04
3.398979967789102653e-03
7.389370658915266239e-03
1.136109515844856838e-02
1.530412054560529971e-02
1.920848639605035255e-02
2.306432994279354262e-02
2.686191099039497363e-02
3.059163651954407634e-02
3.424408491985893310e-02
3.781002978969178613e-02
4.128046324282032276e-02
4.464661866315009636e-02
4.789999284994757300e-02
5.103236749766317665e-02
5.403582995608437189e-02
5.690279321837677512e-02
5.962601508652193294e-02
6.219861646573802971e-02
6.461409874167033107e-02
6.686636019645500473e-02
6.894971142218811466e-02
7.085888969286363581e-02
7.258907225847614775e-02
7.413588852770588988e-02
7.549543110841173965e-02
7.666426567804290881e-02
7.763943965903571942e-02
7.841848967728085040e-02
7.899944778482004271e-02
7.938084643105346172e-02
7.956172216989991497e-02
7.954161809354523549e-02
7.932058498663108193e-02
7.889918119796857088e-02
7.827847123010060748e-02
7.746002305027618884e-02
7.644590412962901094e-02
7.523867622056593096e-02
7.384138888555810687e-02
7.225757179368147431e-02
7.049122580436639751e-02
6.854681286087944969e-02
6.642924471906754003e-02
6.414387053983629239e-02
6.169646337670541686e-02
5.909320559257447841e-02
5.634067324253763664e-02
5.344581946219777863e-02
5.041595690344249925e-02
4.725873926205081954e-02
4.398214194379339304e-02
4.059444191786534817e-02
3.710419680854376567e-02
3.352022327788606315e-02
2.985157475407644936e-02
2.610751856168062185e-02
2.229751251157958275e-02
1.843118100971855369e-02
1.451829074502229006e-02
1.056872601789118904e-02
6.592463771600669438e-03
2.599548389676571963e-03
-1.399933677089364083e-03
-5.395879389889578215e-03
-9.378194643053538657e-03
-1.333681976263471729e-02
-1.726175491802003220e-02
-2.114308538236984655e-02
-2.497100657807844321e-02
-2.873584884398797112e-02
-3.242810186179173604e-02
-3.603843867992364419e-02
-3.955773927424732078e-02
-4.297711358602855636e-02
-4.628792397899525457e-02
-4.948180705875628027e-02
-5.255069479946154754e-02
-5.548683492433551662e-02
-5.828281048860112917e-02
-6.093155861532600220e-02
-6.342638833686259359e-02
-6.576099749681309226e-02
-6.792948866982349843e-02
-6.992638405899183340e-02
-7.174663933325858833e-02
-7.338565636982471996e-02
-7.483929486940889275e-02
-7.610388281500284069e-02
-7.717622574770499622e-02
-7.805361483620085195e-02
-7.873383371950605503e-02
-7.921516410568657518e-02
-7.949639011241324549e-02
-7.957680133838604397e-02
-7.945619465786943336e-02
-7.913487473380560744e-02
-7.861365324820944467e-02
-7.789384685178932233e-02
-7.697727383797310641e-02
-7.586624954974122148e-02
-7.456358053086929727e-02
-7.307255743635497625e-02
-7.139694671993786212e-02
-6.954098111971046547e-02
-6.750934896585446265e-02
-6.530718233751169055e-02
-6.294004409870690431e-02
-6.041391384607044251e-02
-5.773517280385816186e-02
-5.491058770442517473e-02
-5.194729369487265103e-02
-4.885277631304697082e-02
-4.563485257842150172e-02
-4.230165124562693807e-02
-3.886159227051170367e-02
-3.532336554060264144e-02
-3.169590892369501117e-02
-2.798838569002268933e-02
-2.421016136504232710e-02
-2.037078007130323568e-02
-1.647994041916548552e-02
-1.254747100726842819e-02
-8.583305594637534799e-03
-4.597458007146963156e-03
-5.999968417263141845e-04
3.398979967789040203e-03
7.389370658915203789e-03
1.136109515844850593e-02
1.530412054560523726e-02
1.920848639605029010e-02
2.306432994279348017e-02
2.686191099039491118e-02
3.059163651954401042e-02
3.424408491985887065e-02
3.781002978969172368e-02
4.128046324282026031e-02
4.464661866315003391e-02
4.789999284994751055e-02
5.103236749766311420e-02
5.403582995608430944e-02
5.690279321837671267e-02
5.962601508652187049e-02
6.219861646573797420e-02
6.461409874167027556e-02
6.686636019645497697e-02
6.894971142218808691e-02
7.085888969286362193e-02
7.258907225847613387e-02
7.413588852770587601e-02
7.549543110841172577e-02
7.666426567804289494e-02
7.763943965903570554e-02
7.841848967728083653e-02
7.899944778482002883e-02
7.938084643105344784e-02
7.956172216989991497e-02
7.954161809354524937e-02
7.932058498663109580e-02
7.889918119796858476e-02
7.827847123010062136e-02
7.746002305027620272e-02
7.644590412962903869e-02
7.523867622056595872e-02
7.384138888555813462e-02
7.225757179368150207e-02
7.049122580436643914e-02
6.854681286087949132e-02
6.642924471906758166e-02
6.414387053983633402e-02
6.169646337670545155e-02
5.909320559257451311e-02
5.634067324253767134e-02
5.344581946219781332e-02
5.041595690344252700e-02
4.725873926205084730e-02
4.398214194379342773e-02
4.059444191786538286e-02
3.710419680854380037e-02
3.352022327788609785e-02
2.985157475407648406e-02
2.610751856168065654e-02
2.229751251157961744e-02
1.843118100971858839e-02
1.451829074502231781e-02
1.056872601789121680e-02
6.592463771600698061e-03
2.599548389676601019e-03
-1.399933677089335027e-03
-5.395879389889548725e-03
-9.378194643053509166e-03
-1.333681976263468780e-02
-1.726175491802000445e-02
-2.114308538236981533e-02
-2.497100657807841198e-02
-2.873584884398793643e-02
-3.242810186179170134e-02
-3.603843867992360950e-02
-3.955773927424727915e-02
-4.297711358602851472e-02
-4.628792397899521294e-02
-4.948180705875623864e-02
-5.255069479946149896e-02
-5.548683492433545417e-02
-5.828281048860106672e-02
-6.093155861532595363e-02
-6.342638833686255195e-02
-6.576099749681305062e-02
-6.792948866982345679e-02
-6.992638405899179177e-02
-7.174663933325856058e-02
-7.338565636982469220e-02
-7.483929486940886500e-02
-7.610388281500281293e-02
-7.717622574770495458e-02
-7.805361483620081031e-02
-7.873383371950601339e-02
-7.921516410568653355e-02
-7.949639011241320385e-02
-7.957680133838600234e-02
-7.945690218368700597e-02
-7.913982341100583850e-02
-7.862957090728150966e-02
-7.793062150640106545e-02
-7.704790362743729748e-02
-7.598677683549624751e-02
-7.475301039698782624e-02
-7.335276090346205813e-02
-7.179254904024473527e-02
-7.007923557795568692e-02
-6.821999666659515904e-02
-6.622229851323771510e-02
-6.409387152547446620e-02
-6.184268400359273221e-02
-5.947691546507601762e-02
-5.700492968534722621e-02
-5.443524753876329697e-02
-5.177651972370311134e-02
-4.903749945517367481e-02
-4.622701520769505190e-02
-4.335394359031648215e-02
-4.042718243446843246e-02
-3.745562417397255844e-02
-3.444812959492046800e-02
-3.141350203129776586e-02
-2.836046208017984835e-02
-2.529762290806761640e-02
-2.223346621747267216e-02
-1.917631894021132669e-02
-1.613433072103428317e-02
-1.311545225221346679e-02
-1.012741451653963523e-02
-7.177708992864460444e-03
-4.273568874859828837e-03
-1.421951350076476129e-03
1.370479017324619572e-03
4.097365760609362334e-03
6.752674805626012258e-03
9.330707555418742832e-03
1.182611273669765227e-02
1.423389698467822199e-02
1.654943414696085149e-02
1.876847329130887712e-02
2.088714540638843958e-02
2.290196878874251746e-02
2.480985311347186709e-02
2.660810219027421458e-02
2.829441541063739199e-02
2.986688789607966701e-02
3.132400936136883751e-02
3.266466171061842283e-02
3.388811538804333001e-02
3.499402450894620320e-02
3.598242080018899253e-02
3.685370638297070373e-02
3.760864543417136163e-02
3.824835476582479077e-02
3.877429336543788269e-02
3.918825094287396033e-02
3.949233553235351191e-02
3.968896020078872128e-02
3.978082891615201261e-02
3.977092163187598284e-02
3.966247864538663404e-02
3.945898429077784875e-02
3.916415002733784900e-02
3.878189698713344069e-02
3.831633804614139466e-02
3.777175948448547455e-02
3.715260230219016857e-02
3.646344325749584919e-02
3.570897569519460024e-02
3.489399023264037891e-02
3.402335537106249141e-02
3.310199809956786837e-02
3.213488455875758432e-02
3.112700083020873698e-02
3.008333391718705577e-02
2.900885298086225070e-02
2.790849089500122698e-02
2.678712618061947562e-02
2.564956538038250244e-02
2.450052593067458817e-02
2.334461958719699637e-02
2.218633645772995211e-02
2.103002969329942698e-02
1.987990088643979206e-02
1.873998622254484381e-02
1.761414342746217554e-02
1.650603955151852889e-02
1.541913962707678470e-02
1.435669623352866728e-02
1.332174000033192404e-02
1.231707107531715764e-02
1.134525158202913386e-02
1.040859908634132226e-02
9.509181089002239837e-03
8.648810557149595388e-03
7.829042504174802200e-03
7.051171623648264282e-03
6.316230979336500719e-03
5.624991749667805456e-03
4.977964021345347885e-03
4.375398623177249348e-03
3.817289987603902056e-03
3.303380023865020495e-03
2.833162983274048734e-03
2.405891293666606937e-03
2.020582336773587250e-03
1.676026139048764638e-03
1.370793943365730509e-03
1.103247625999429502e-03
8.715499204331346580e-04
6.736754067914690978e-04
5.074222231027608696e-04
3.704244521478338792e-04
2.601651353650602798e-04
1.739898631603543802e-04
1.091208890225041042e-04
6.267171307497131365e-05
3.166207911064428744e-05
1.303332776100489121e-05
3.664047250191194891e-06
3.859621812860140354e-07
