0.000000000000000000e+00
5.474881601024701119e-07
2.188069027735529790e-06
4.916096625250695674e-06
8.722177180001099365e-06
1.359319337049851449e-05
1.951233819313166057e-05
2.645915837174534976e-05
3.440960721046661575e-05
4.333610676846499313e-05
5.320761921389562002e-05
6.398972719314363286e-05
7.564472303070875995e-05
8.813170655468962039e-05
1.014066913228867518e-04
1.154227190050892524e-04
1.301299816581813246e-04
1.454759516123450749e-04
1.614055186688817599e-04
1.778611342930676569e-04
1.947829624690367131e-04
2.121090368679748848e-04
2.297754239659639678e-04
2.477163917336425245e-04
2.658645835065059047e-04
2.841511966321656388e-04
3.025061654792590054e-04
3.208583483819761909e-04
3.391357180843643888e-04
3.572655552397175412e-04
3.751746445124647025e-04
3.927894728230676416e-04
4.100364292705314094e-04
4.268420062622430337e-04
4.431330013769849119e-04
4.588367194841470203e-04
4.738811746403733417e-04
4.881952912841423927e-04
5.017091042491029790e-04
5.143539571183506666e-04
5.260626984442554402e-04
5.367698753619235550e-04
5.464119241288844294e-04
5.549273571291485005e-04
5.622569458863519018e-04
5.683438996382930231e-04
5.731340390337480136e-04
5.765759645220268782e-04
5.786212190162549765e-04
5.792244444228476265e-04
5.783435316420372941e-04
5.759397636576038711e-04
5.719779513481247244e-04
5.664265616670602745e-04
5.592578378548091486e-04
5.504479113624592647e-04
5.399769051843025759e-04
5.278290283142374065e-04
5.139926610598970430e-04
4.984604309677214112e-04
4.812292791321349508e-04
4.623005166825114613e-04
4.416798712626416744e-04
4.193775233389081454e-04
3.954081321953042158e-04
3.697908514957316123e-04
3.425493343166652153e-04
3.137117275761787676e-04
2.833106558085095989e-04
2.513831942567000153e-04
2.179708312793332396e-04
1.831194200909962838e-04
1.468791198797390982e-04
1.093043263684115128e-04
7.045359191035376382e-05
3.038953523338966265e-05
-1.082125903063857124e-05
-5.310835087042283155e-05
-9.639756529060187725e-05
-1.406111223722803177e-04
-1.856677767706759483e-04
-2.314829664001165105e-04
-2.779689700352781421e-04
-3.250350735366722968e-04
-3.725877443880629245e-04
-4.205308142137867931e-04
-4.687656689247941930e-04
-5.171914461238100559e-04
-5.657052393822701968e-04
-6.142023089846909136e-04
-6.625762987199374648e-04
-7.107194582834777457e-04
-7.585228708401756592e-04
-8.058766852835639108e-04
-8.526703527148208174e-04
-8.987928666529222069e-04
-9.441330064766771538e-04
-9.885795835895762503e-04
-1.032021689789657838e-03
-1.074348947318920933e-03
-1.115451760060182053e-03
-1.155221565343789473e-03
-1.193551085822172880e-03
-1.230334580866910155e-03
-1.265468096940866637e-03
-1.298849716396901144e-03
-1.330379804154774911e-03
-1.359961251709185422e-03
-1.387499717924259692e-03
-1.412903866073416618e-03
-1.436085596588260486e-03
-1.456960274986017229e-03
-1.475446954452036769e-03
-1.491468592562036248e-03
-1.504952261637986172e-03
-1.515829352241908389e-03
-1.524035769323276281e-03
-1.529512120548209885e-03
-1.532203896352196670e-03
-1.532061641272626507e-03
-1.529041116132978531e-03
-1.523103450667026744e-03
-1.514215286188873777e-03
-1.502348907932983925e-03
-1.487482366707631315e-03
-1.469599589525215355e-03
-1.448690478893789515e-03
-1.424751000475756729e-03
-1.397783258842011725e-03
-1.367795561072857654e-03
-1.334802467980647240e-03
-1.298824832753320150e-03
-1.259889826842822223e-03
-1.218030952947620274e-03
-1.173288044964221778e-03
-1.125707254808757307e-03
-1.075341026036075480e-03
-1.022248054210519444e-03
-9.664932340095739975e-04
-9.081475930686661079e-04
-8.472882126026563690e-04
-7.839981348669882886e-04
-7.183662575487456898e-04
-6.504872152052007138e-04
-5.804612478947428168e-04
-5.083940571720921590e-04
-4.343966496465823308e-04
-3.585851683290069525e-04
-2.810807120187605330e-04
-2.020091430089417214e-04
-1.215008834127086391e-04
-3.969070043913741728e-05
4.313444725301835022e-05
1.260115628275428014e-04
2.086719093519236309e-04
2.909732919005696681e-04
3.727741330490006149e-04
4.539337164197714946e-04
5.343124287472276112e-04
6.137720000446207245e-04
6.921757414604753260e-04
7.693887804150666360e-04
8.452782926124599583e-04
9.197137305290283915e-04
9.925670479854261513e-04
1.063712920415636580e-03
1.133028960454229286e-03
1.200395928470953267e-03
1.265697937690502591e-03
1.328822653544577950e-03
1.389661486913345949e-03
1.448109780923860241e-03
1.504066990984094130e-03
1.557436857742911787e-03
1.608127572678432447e-03
1.656051936029926492e-03
1.701127506801589822e-03
1.743276744580136463e-03
1.782427142922248962e-03
1.818511354082443573e-03
1.851467304866780128e-03
1.881238303413117034e-03
1.907773136714236263e-03
1.931026158716068466e-03
1.950957368839466690e-03
1.967532480790461832e-03
1.980722981540622516e-03
1.990506180376063437e-03
1.996865247930721537e-03
1.999789245136762966e-03
1.999273142042311269e-03
1.995317826464127094e-03
1.987930102460359807e-03
1.977122678625990032e-03
1.962914146231109318e-03
1.945328947239628823e-03
1.924397332263448959e-03
1.900155308524400198e-03
1.872644577913499088e-03
1.841912465254031718e-03
1.808011836891916004e-03
1.771001009753347998e-03
1.730943651026194303e-03
1.687908668637687001e-03
1.641970092716861724e-03
1.593206948245577117e-03
1.541703119117278495e-03
1.487547203837279392e-03
1.430832363112832708e-03
1.371656159595141316e-03
1.310120390049048737e-03
1.246330910239009521e-03
1.180397452832703973e-03
1.112433438635443417e-03
1.042555781480141363e-03
9.708846871084504150e-04
8.975434463891000499e-04
8.226582232290279104e-04
7.463578375422967029e-04
6.687735436500140060e-04
5.900388044925311635e-04
5.102890620422860556e-04
4.296615043122863401e-04
3.482948293609646395e-04
2.663290066994235586e-04
1.839050365114844505e-04
1.011647071007438793e-04
1.825035098186390982e-05
-6.469539996427073130e-05
-1.475298598504105213e-04
-2.301105342356844221e-04
-3.122953652490150921e-04
-3.939429759615287597e-04
-4.749129135876054919e-04
-5.550658910961527980e-04
-6.342640268165480573e-04
-7.123710816270175912e-04
-7.892526933174544984e-04
-8.647766077235122901e-04
-9.388129062343862760e-04
-1.011234229282871946e-03
-1.081915995433307097e-03
-1.150736615690468737e-03
-1.217577702660784227e-03
-1.282324274206042038e-03
-1.344864951239291848e-03
-1.405092149322631013e-03
-1.462902263737348232e-03
-1.518195847708013121e-03
-1.570877783473943745e-03
-1.620857445913766485e-03
-1.668048858441604360e-03
-1.712370840906692537e-03
-1.753747149242023198e-03
-1.792106606621802177e-03
-1.827383225902041997e-03
-1.859516323133729920e-03
-1.888450621953266084e-03
-1.914136348670594442e-03
-1.936529317891469426e-03
-1.955591008526567920e-03
-1.971288630056666855e-03
-1.983595178939930904e-03
-1.992489485064253586e-03
-1.997956248164745648e-03
-1.999986064143735500e-03
-1.998575441247991535e-03
-1.993726806075346147e-03
-1.985448499400385529e-03
-1.973754761826388739e-03
-1.958665709288190740e-03
-1.940207298448126021e-03
-1.918411282044553369e-03
-1.893315154269805713e-03
-1.864962086271495329e-03
-1.833400851888155290e-03
-1.798685743746945061e-03
-1.760876479867774834e-03
-1.720038100934475961e-03
-1.676240858409790797e-03
-1.629560093686583397e-03
-1.580076108483219723e-03
-1.527874026706020237e-03
-1.473043648016453483e-03
-1.415679293354914344e-03
-1.355879642686902984e-03
-1.293747565250626726e-03
-1.229389942598121304e-03
-1.162917484734232211e-03
-1.094444539669804260e-03
-1.024088896716609642e-03
-9.519715838625052422e-04
-8.782166595752577149e-04
-8.029509993932869598e-04
-7.263040776703786911e-04
-6.484077448498195596e-04
-5.693960006511208753e-04
-4.894047635595104653e-04
-4.085716370146562902e-04
-3.270356727009261473e-04
-2.449371313463105941e-04
-1.624172414414973699e-04
-7.961795629418340120e-05
3.318290163444244699e-06
8.624882839406294583e-05
1.690309986798144094e-04
2.515223965300343481e-04
3.335811176499463206e-04
4.150660020488887414e-04
4.958368768681455183e-04
5.757547975107305677e-04
6.546822866582281512e-04
7.324835707635973282e-04
8.090248136131066676e-04
8.841743465555953595e-04
9.578028950030040029e-04
1.029783800812609845e-03
1.099993240168324312e-03
1.168310436586312987e-03
1.234617868678510987e-03
1.298801472316606651e-03
1.360750836848722244e-03
1.420359395031309691e-03
1.477524606349454395e-03
1.532148133410292899e-03
1.584136011106096172e-03
1.633398808255998470e-03
1.679851781448313394e-03
1.723415020818830010e-03
1.764013587514259287e-03
1.801577642604404970e-03
1.836042567221300064e-03
1.867349073718597551e-03
1.895443307660049691e-03
1.920276940461604484e-03
1.941807252527749184e-03
1.959997206739100446e-03
1.974815512164828334e-03
1.986236677890291374e-03
1.994241056867311103e-03
1.998814879711644475e-03
1.999950278389507098e-03
1.997645299752414880e-03
1.991903908897050234e-03
1.982735982344379245e-03
1.970157291049749564e-03
1.954189473273195646e-03
1.934859997356625817e-03
1.912202114471920657e-03
1.886254801421212782e-03
1.857062693587776658e-03
1.824676008152835947e-03
1.789150457710386288e-03
1.750547154428647037e-03
1.708932504922991468e-03
1.664378096021185355e-03
1.616960571617492674e-03
1.566761500827434494e-03
1.513867237670025708e-03
1.458368772518889387e-03
1.400361575577758989e-03
1.339945432649612906e-03
1.277224273482024334e-03
1.212305992983934337e-03
1.145302265621430402e-03
1.076328353311834093e-03
1.005502907146532503e-03
9.329477632836161594e-04
8.587877333615205611e-04
7.831503897941122791e-04
7.061658463165998347e-04
6.279665341598313685e-04
5.486869742378998240e-04
4.684635457410422726e-04
3.874342515318888818e-04
3.057384807485911699e-04
2.235167690232329986e-04
1.409105567280548017e-04
5.806194566524915015e-05
-2.488654538102130103e-05
-1.077922258098971080e-04
-1.905124786646881217e-04
-2.729050059670581636e-04
-3.548280735024434557e-04
-4.361407546357343352e-04
-5.167031727376974939e-04
-5.963767418051318849e-04
-6.750244048608767915e-04
-7.525108697235442312e-04
-8.287028417413434649e-04
-9.034692530897800965e-04
-9.766814882385939454e-04
-1.048213605200280611e-03
-1.117942552179436531e-03
-1.185748379250312285e-03
-1.251514444698456890e-03
-1.315127615671472273e-03
-1.376478462793681188e-03
-1.435461448409992152e-03
-1.491975108135067075e-03
-1.545922225395581244e-03
-1.597209998665190299e-03
-1.645750201104666851e-03
-1.691459332332447343e-03
-1.734258762064643617e-03
-1.774074865377311527e-03
-1.810839149358355179e-03
-1.844488370931193560e-03
-1.874964645647493383e-03
-1.902215547261806687e-03
-1.926194197916851307e-03
-1.946859348784265578e-03
-1.964175451022153081e-03
-1.978112716927302867e-03
-1.988647171176945953e-03
-1.995760692071846948e-03
-1.999441042709829402e-03
-1.999681892036075329e-03
-1.996482825734005422e-03
-1.989849346937998861e-03
-1.979792866766730622e-03
-1.966330684693404045e-03
-1.949485958786652869e-03
-1.929287665873310716e-03
-1.905770551691550940e-03
-1.878975071120190425e-03
-1.848947318586920173e-03
-1.815738948775238830e-03
-1.779407087766428450e-03
-1.740014234769477960e-03
-1.697628154607989893e-03
-1.652321761148994525e-03
-1.604172991874215854e-03
-1.553264673809578609e-03
-1.499684381043546585e-03
-1.443524284079442110e-03
-1.384880991280817856e-03
-1.323855382682752107e-03
-1.260552436454802708e-03
-1.195081048314301309e-03
-1.127553844200482845e-03
-1.058086986531820827e-03
-9.867999743798016796e-04
-9.138154379028277192e-04
-8.392589273940114728e-04
-7.632586973055741249e-04
-6.859454856215244176e-04
-6.074522889580837763e-04
-5.279141337787153065e-04
-4.474678441173442233e-04
-3.662518062093683626e-04
-2.844057304353288652e-04
-2.020704109866811786e-04
-1.193874836672237854e-04
-3.649918224675878530e-05
4.645190621395776248e-05
1.293230866459018063e-04
2.119718014403727325e-04
2.942558756810501270e-04
3.760337617177384275e-04
4.571647826610972568e-04
5.375093743794605175e-04
6.169293255814274884e-04
6.952880155712490035e-04
7.724506492680822695e-04
8.482844890847040902e-04
9.226590832668604648e-04
9.954464903005181588e-04
1.066521499000827600e-03
1.135761843904380944e-03
1.203048415594084502e-03
1.268265465594910907e-03
1.331300805488074999e-03
1.392045999901087234e-03
1.450396553041677621e-03
1.506252088454726641e-03
1.559516521693027477e-03
1.610098225604756359e-03
1.657910187953365614e-03
1.702870161098796837e-03
1.744900803482423574e-03
1.783929812672458695e-03
1.819890049740855971e-03
1.852719654757798611e-03
1.882362153205102955e-03
1.908766553125462425e-03
1.931887432840408885e-03
1.951685019086106272e-03
1.968125255432581159e-03
1.981179860868656755e-03
1.990826378451833467e-03
1.997048213939436878e-03
1.999834664334545521e-03
1.999180936297629847e-03
1.995088154392201177e-03
1.987563359150304031e-03
1.976619494961172081e-03
1.962275387803880892e-03
1.944555712862307750e-03
1.923490952078109632e-03
1.899117341714721702e-03
1.871476810022602551e-03
1.840616905112937070e-03
1.806590713163892586e-03
1.769456767100083087e-03
1.729278945902430710e-03
1.686126364721493923e-03
1.640073255983435108e-03
1.591198841693077480e-03
1.539587197153700080e-03
1.485327106338069688e-03
1.428511909159476149e-03
1.369239340905450963e-03
1.307611364110475467e-03
1.243733993156813204e-03
1.177717111905254377e-03
1.109674284669429902e-03
1.039722560858922975e-03
9.679822736271760826e-04
8.945768328706327124e-04
8.196325129351740872e-04
7.432782353949832308e-04
6.656453472776208049e-04
5.868673951167613888e-04
5.070798952212091353e-04
4.264201005555121591e-04
3.450267646330859193e-04
2.630399028280802675e-04
1.806005515165122542e-04
9.785052546107411383e-05
1.493217385690094742e-05
-6.801186454197384156e-05
-1.508389067942641159e-04
-2.334064712191529119e-04
-3.155725224977285349e-04
-3.971957160066177462e-04
-4.781356409634203355e-04
-5.582530619657914217e-04
-6.374101585085342444e-04
-7.154707620667511260e-04
-7.923005903372390673e-04
-8.677674782351146778e-04
-9.417416052483648355e-04
-1.014095718759158108e-03
-1.084705352947778687e-03
-1.153449042902677255e-03
-1.220208533568204346e-03
-1.284868983170684830e-03
-1.347319160772823257e-03
-1.407451637616691101e-03
-1.465162971926034551e-03
-1.520353886850059214e-03
-1.572929441242603690e-03
-1.622799192982873027e-03
-1.669877354556830243e-03
-1.714082940631564194e-03
-1.755339907368793024e-03
-1.793577283237888413e-03
-1.828729291103316007e-03
-1.860735461376537966e-03
-1.889540736037688580e-03
-1.915095563348127384e-03
-1.937355983090886238e-03
-1.956283702192414091e-03
-1.971846160595531420e-03
-1.984016587270260538e-03
-1.992774046266195410e-03
-1.998103472727179222e-03
-1.999995698806341423e-03
-1.998447469436920743e-03
-1.993461447931729660e-03
-1.985046211401640410e-03
-1.973216236000972096e-03
-1.957991872025151379e-03
-1.939399308903495302e-03
-1.917470530147336516e-03
-1.892243258330976886e-03
-1.863760890200135073e-03
-1.832072422019491963e-03
-1.797232365287781530e-03
-1.759300652965407104e-03
-1.718342536375862218e-03
-1.674428472958364037e-03
-1.627634005064747215e-03
-1.578039630009150582e-03
-1.525730661593985640e-03
-1.470797083350458079e-03
-1.413333393746103554e-03
-1.353438443625493322e-03
-1.291215266163963553e-03
-1.226770899626667939e-03
-1.160216203238006007e-03
-1.091665666478119348e-03
-1.021237212134456195e-03
-9.490519934473094603e-04
-8.752341856981931669e-04
-7.999107725996473751e-04
-7.232113278538269572e-04
-6.452677922557594099e-04
-5.662142467246904795e-04
-4.861866816537866354e-04
-4.053227629752681493e-04
-3.237615953430917660e-04
-2.416434828407814533e-04
-1.591096876259210713e-04
-7.630218692658011974e-05
6.633066269686132688e-06
8.892535315629743881e-05
1.699707900325267580e-04
2.496329341823997424e-04
3.277795990802730131e-04
4.042830734377075397e-04
4.790203293381894013e-04
5.518732191212380065e-04
6.227286607028961665e-04
6.914788110444206786e-04
7.580212275071134074e-04
8.222590168572088687e-04
8.841009717114197385e-04
9.434616942403119787e-04
1.000261706973872575e-03
1.054427550580806132e-03
1.105891868520241308e-03
1.154593478492019643e-03
1.200477430639176587e-03
1.243495052483208161e-03
1.283603980600349099e-03
1.320768179073758585e-03
1.354957944783575109e-03
1.386149899623229792e-03
1.414326969756751502e-03
1.439478352057542735e-03
1.461599467894646913e-03
1.480691904457504459e-03
1.496763343834556009e-03
1.509827480085026898e-03
1.519903924566507088e-03
1.527018099803440030e-03
1.531201122203711172e-03
1.532489673951555531e-03
1.530925864425483921e-03
1.526557081509449798e-03
1.519435833184220805e-03
1.509619579803701600e-03
1.497170557477893633e-03
1.482155593000091930e-03
1.464645910770879383e-03
1.444716932185457917e-03
1.422448067963710599e-03
1.397922503914339086e-03
1.371226980635109702e-03
1.342451567661006673e-03
1.311689432580631035e-03
1.279036605648671294e-03
1.244591740428562399e-03
1.208455871004688936e-03
1.170732166307492366e-03
1.131525682097710974e-03
1.090943111157781798e-03
1.049092532238987425e-03
1.006083158312277197e-03
9.620250846691929137e-04
9.170290374162876025e-04
8.712061229025334398e-04
8.246675786141948166e-04
7.775245260653927768e-04
7.298877262053242009e-04
6.818673378548811793e-04
6.335726796759658976e-04
5.851119961664152285e-04
5.365922281622394424e-04
4.881187883162669237e-04
4.397953420093700838e-04
3.917235941359793099e-04
3.440030821907431500e-04
2.967309760671853962e-04
2.500018849626626876e-04
2.039076717663818039e-04
1.585372752890664078e-04
1.139765406741125313e-04
7.030805831047568866e-05
2.761101154743134312e-05
-1.403896650914790564e-05
-5.456992686079399890e-05
-9.391372890381550001e-05
-1.320061549254619140e-04
-1.687870146165372780e-04
-2.042002394309829372e-04
-2.381939666458378791e-04
-2.707206129983227394e-04
-3.017369378001997864e-04
-3.312040954530175965e-04
-3.590876773115520178e-04
-3.853577428663946636e-04
-4.099888402401435949e-04
-4.329600160153976958e-04
-4.542548144359420995e-04
-4.738612660459587097e-04
-4.917718658549992492e-04
-5.079835411393039853e-04
-5.224976090124084510e-04
-5.353197239201300337e-04
-5.464598152366959742e-04
-5.559320151599402276e-04
-5.637545771242824695e-04
-5.699497849703788867e-04
-5.745438531298875402e-04
-5.775668181028673033e-04
-5.790524215235589352e-04
-5.790379851280030637e-04
-5.775642779537978107e-04
-5.746753761184656599e-04
-5.704185155381940025e-04
-5.648439379632461208e-04
-5.580047307199746199e-04
-5.499566605621150888e-04
-5.407580020458954782e-04
-5.304693608544098224e-04
-5.191534925066565052e-04
-5.068751168956053387e-04
-4.937007291076908003e-04
-4.796984069830577966e-04
-4.649376158818792522e-04
-4.494890111269832515e-04
-4.334242385969155160e-04
-4.168157339464094121e-04
-3.997365209330177335e-04
-3.822600093294123945e-04
-3.644597929005306890e-04
-3.464094479233838729e-04
-3.281823327249490971e-04
-3.098513887100737166e-04
-2.914889433468944809e-04
-2.731665155717297655e-04
-2.549546240689156296e-04
-2.369225988735461645e-04
-2.191383967366250128e-04
-2.016684206826894023e-04
-1.845773441796102186e-04
-1.679279403290162380e-04
-1.517809164736182821e-04
-1.361947546047065382e-04
-1.212255579392353323e-04
-1.069269040213078985e-04
-9.334970468741057360e-05
-8.054207321865430001e-05
-6.854919898641599185e-05
-5.741322988027575185e-05
-4.717316278903774008e-05
-3.786474238690105374e-05
-2.952036845760076629e-05
-2.216901196959894754e-05
-1.583614009518346242e-05
-1.054365034571420223e-05
-6.309813974256259868e-06
-3.149228775530844171e-06
-1.072781391495397667e-06
-8.761920904872446095e-08
