0.000000000000000000e+00 -2.079377811162479702e+04
2.000464107672979882e-03 -2.078618746767688572e+04
4.000928215345959764e-03 -2.075586262998829261e+04
6.001392323018940080e-03 -2.070412006619520980e+04
8.001856430691919528e-03 -2.063376625274050821e+04
1.000232053836489984e-02 -2.054812281750812690e+04
1.200278464603788016e-02 -2.045050236461348322e+04
1.400324875371086047e-02 -2.034379381731911781e+04
1.600371286138383906e-02 -2.023025565836828173e+04
1.800417696905682111e-02 -2.011158190844230194e+04
2.000464107672979969e-02 -1.998909003140749701e+04
2.200510518440277827e-02 -1.986397445419865107e+04
2.400556929207576032e-02 -1.973766547968438317e+04
2.600603339974873890e-02 -1.961201457497858064e+04
2.800649750742172095e-02 -1.948929440461992999e+04
3.000696161509469953e-02 -1.937201131057172461e+04
3.200742572276767811e-02 -1.926262828443346370e+04
3.400788983044066016e-02 -1.916335486055121874e+04
3.600835393811364221e-02 -1.907532262389540847e+04
3.800881804578661732e-02 -1.899949985031955293e+04
4.000928215345959937e-02 -1.893570794750165078e+04
4.200974626113258142e-02 -1.888246913738116928e+04
4.401021036880555654e-02 -1.883719465130168101e+04
4.601067447647853859e-02 -1.879661891636835207e+04
4.801113858415152064e-02 -1.875736241642599634e+04
5.001160269182450269e-02 -1.871647696835480019e+04
5.201206679949747780e-02 -1.867183943247573188e+04
5.401253090717045985e-02 -1.862230794202994730e+04
5.601299501484344190e-02 -1.856762420179752007e+04
5.801345912251641701e-02 -1.850811690546776663e+04
6.001392323018939906e-02 -1.844431474671758770e+04
6.201438733786238111e-02 -1.837659678839071057e+04
6.401485144553535622e-02 -1.830498713463103559e+04
6.601531555320834521e-02 -1.822914822619557526e+04
6.801577966088132032e-02 -1.814856152275696877e+04
7.001624376855429543e-02 -1.806281873062658997e+04
7.201670787622728442e-02 -1.797187439729426114e+04
7.401717198390025954e-02 -1.787670426314668293e+04
7.601763609157323465e-02 -1.777912722711415699e+04
7.801810019924622364e-02 -1.768160981586465641e+04
8.001856430691919875e-02 -1.758697743815281865e+04
8.201902841459217386e-02 -1.749803562807651178e+04
8.401949252226516285e-02 -1.741720976084388531e+04
8.601995662993813796e-02 -1.734629936004315095e+04
8.802042073761111307e-02 -1.728639958645599836e+04
9.002088484528410206e-02 -1.723804399566778011e+04
9.202134895295707717e-02 -1.720170352620293852e+04
9.402181306063006616e-02 -1.717810151076376133e+04
9.602227716830304127e-02 -1.716822067566882470e+04
9.802274127597601638e-02 -1.717299528387620376e+04
1.000232053836490054e-01 -1.719585569167331414e+04
1.020236694913219805e-01 -1.724324673238980904e+04
1.040241335989949556e-01 -1.731760692156699588e+04
1.060245977066679446e-01 -1.741986830104172259e+04
1.080250618143409197e-01 -1.755007258622140216e+04
1.100255259220138948e-01 -1.770716601530629850e+04
1.120259900296868838e-01 -1.788932299692649394e+04
1.140264541373598589e-01 -1.809429793215279642e+04
1.160269182450328340e-01 -1.831990790711510272e+04
1.180273823527058230e-01 -1.856456938725242071e+04
1.200278464603787981e-01 -1.882758965186595015e+04
1.220283105680517732e-01 -1.910916715612328335e+04
1.240287746757247622e-01 -1.941009629448999476e+04
1.260292387833977512e-01 -1.973137465290037653e+04
1.280297028910707124e-01 -2.007367907836125960e+04
1.300301669987437014e-01 -2.043692054454603203e+04
1.320306311064166904e-01 -2.082014421009307989e+04
1.340310952140896517e-01 -2.122174061744843493e+04
1.360315593217626406e-01 -2.163990429771543859e+04
1.380320234294356296e-01 -2.207319276194462145e+04
1.400324875371085909e-01 -2.252100503662013580e+04
1.420329516447815799e-01 -2.298381166802480948e+04
1.440334157524545688e-01 -2.346304661299125291e+04
1.460338798601275301e-01 -2.396067747556953691e+04
1.480343439678005191e-01 -2.447860783516830998e+04
1.500348080754735081e-01 -2.501808547458119574e+04
1.520352721831464693e-01 -2.557929486391643150e+04
1.540357362908194583e-01 -2.616125354026452624e+04
1.560362003984924473e-01 -2.676201578133166186e+04
1.580366645061654085e-01 -2.737914777600555681e+04
1.600371286138383975e-01 -2.801014442500595760e+04
1.620375927215113865e-01 -2.865312544428903857e+04
1.640380568291843477e-01 -2.930693733440243886e+04
1.660385209368573367e-01 -2.997009940738444493e+04
1.680389850445303257e-01 -3.064135116507691782e+04
1.700394491522032869e-01 -3.131941886011752285e+04
1.720399132598762759e-01 -3.200271451508002792e+04
1.740403773675492649e-01 -3.268903293313641916e+04
1.760408414752222261e-01 -3.337516635924224101e+04
1.780413055828952151e-01 -3.404979522955525317e+04
1.800417696905682041e-01 -3.471206986033485737e+04
1.820422337982411654e-01 -3.535785039570118533e+04
1.840426979059141543e-01 -3.598430644031542761e+04
1.860431620135871433e-01 -3.659020998628604866e+04
1.880436261212601323e-01 -3.717568724984544679e+04
1.900440902289330936e-01 -3.774174083804078691e+04
1.920445543366060825e-01 -3.828958956165592826e+04
1.940450184442790715e-01 -3.881987861318083742e+04
1.960454825519520328e-01 -3.933211244103189529e+04
1.980459466596250218e-01 -3.982491803932884068e+04
2.000464107672980107e-01 -4.029639619615849369e+04
2.020468748749709720e-01 -4.074438479310207185e+04
2.040473389826439610e-01 -4.116699520133629267e+04
2.060478030903169500e-01 -4.156319546726507542e+04
2.080482671979899112e-01 -4.193320328146975226e+04
2.100487313056629002e-01 -4.227855963792461989e+04
2.120491954133358892e-01 -4.260184530781870853e+04
2.140496595210088504e-01 -4.290611403245138354e+04
2.160501236286818394e-01 -4.319428171926685900e+04
2.180505877363548284e-01 -4.346812323323814780e+04
2.200510518440277896e-01 -4.372753798927417665e+04
2.220515159517007786e-01 -4.397050228140522086e+04
2.240519800593737676e-01 -4.419356981241047470e+04
2.260524441670467288e-01 -4.439296880489753676e+04
2.280529082747197178e-01 -4.456495205038558925e+04
2.300533723823927068e-01 -4.470618853897404188e+04
2.320538364900656680e-01 -4.481435755682249874e+04
2.340543005977386570e-01 -4.488852767353538366e+04
2.360547647054116460e-01 -4.492910958289737027e+04
2.380552288130846073e-01 -4.493520828089896531e+04
2.400556929207575962e-01 -4.488785318497072876e+04
2.420561570284305852e-01 -4.478112367586784239e+04
2.440566211361035465e-01 -4.461284642689225439e+04
2.460570852437765355e-01 -4.437953207329644647e+04
2.480575493514495244e-01 -4.407704334024483978e+04
2.500580134591224857e-01 -4.370156056410737801e+04
2.520584775667955024e-01 -4.325058055237153167e+04
2.540589416744684637e-01 -4.272367824339177605e+04
2.560594057821414249e-01 -4.212283364177403564e+04
2.580598698898144416e-01 -4.145226290084292123e+04
2.600603339974874029e-01 -4.071783920300463069e+04
2.620607981051603641e-01 -3.992631893887441402e+04
2.640612622128333808e-01 -3.908423372910269245e+04
2.660617263205063421e-01 -3.819734852077959658e+04
2.680621904281793033e-01 -3.727049889141714084e+04
2.700626545358523201e-01 -3.630787090672994964e+04
2.720631186435252813e-01 -3.531365564122714568e+04
2.740635827511982425e-01 -3.429277405039159203e+04
2.760640468588712593e-01 -3.325140989104426262e+04
2.780645109665442205e-01 -3.219721682439993310e+04
2.800649750742171817e-01 -3.113910281219213357e+04
2.820654391818901985e-01 -3.008666327598014686e+04
2.840659032895631597e-01 -2.904930053806488650e+04
2.860663673972361210e-01 -2.803526041432993225e+04
2.880668315049091377e-01 -2.705090438211956643e+04
2.900672956125820989e-01 -2.610036944500902973e+04
2.920677597202550602e-01 -2.518572010652019526e+04
2.940682238279280769e-01 -2.430751132147540920e+04
2.960686879356010381e-01 -2.346562682310773380e+04
2.980691520432739994e-01 -2.265985980475727774e+04
3.000696161509470161e-01 -2.189004344701163063e+04
3.020700802586199774e-01 -2.115622977587330752e+04
3.040705443662929386e-01 -2.045959325129609715e+04
3.060710084739659553e-01 -1.981477400312579630e+04
3.080714725816389166e-01 -1.922315329793206547e+04
3.100719366893118778e-01 -1.867910462146158898e+04
3.120724007969848945e-01 -1.817561049183065188e+04
3.140728649046578558e-01 -1.770504493241344608e+04
3.160733290123308170e-01 -1.726008110229110753e+04
3.180737931200038338e-01 -1.685737608376064600e+04
3.200742572276767950e-01 -1.656931971287877241e+04
3.220747213353497562e-01 -1.629285930517601082e+04
3.240751854430227730e-01 -1.603271710405311205e+04
3.260756495506957342e-01 -1.579206044809796731e+04
3.280761136583686954e-01 -1.557049245934261307e+04
3.300765777660417122e-01 -1.536345114736274445e+04
3.320770418737146734e-01 -1.516422357517395903e+04
3.340775059813876346e-01 -1.496607284952893860e+04
3.360779700890606514e-01 -1.476470043396994879e+04
3.380784341967336126e-01 -1.455915166834329102e+04
3.400788983044065739e-01 -1.435107734651694227e+04
3.420793624120795906e-01 -1.414540615802726097e+04
3.440798265197525518e-01 -1.394504143909380582e+04
3.460802906274255131e-01 -1.376038747308050370e+04
3.480807547350985298e-01 -1.359120113361615586e+04
3.500812188427714911e-01 -1.343995281969421012e+04
3.520816829504444523e-01 -1.330457771067036265e+04
3.540821470581174690e-01 -1.318114031452671588e+04
3.560826111657904303e-01 -1.306606684602817222e+04
3.580830752734633915e-01 -1.295731471082345888e+04
3.600835393811364082e-01 -1.285665453651076677e+04
3.620840034888093695e-01 -1.276661670249983581e+04
3.640844675964823307e-01 -1.269043076218650822e+04
3.660849317041553475e-01 -1.263007777039482789e+04
3.680853958118283087e-01 -1.258325488992897044e+04
3.700858599195013254e-01 -1.254297931960637106e+04
3.720863240271742867e-01 -1.251176309410299291e+04
3.740867881348472479e-01 -1.249258076979038196e+04
3.760872522425202646e-01 -1.245301416342311859e+04
3.780877163501932259e-01 -1.240805750608878589e+04
3.800881804578661871e-01 -1.239547362140762561e+04
3.820886445655392039e-01 -1.245553516112032230e+04
3.840891086732121651e-01 -1.261238809882019450e+04
3.860895727808851263e-01 -1.286567970577195410e+04
3.880900368885581431e-01 -1.318863131949139461e+04
3.900905009962311043e-01 -1.354309492870058966e+04
3.920909651039040655e-01 -1.389107109874805064e+04
3.940914292115770823e-01 -1.420300523398573932e+04
3.960918933192500435e-01 -1.446961110188908242e+04
3.980923574269230047e-01 -1.470716242406091988e+04
4.000928215345960215e-01 -1.494908405328703338e+04
4.020932856422689827e-01 -1.524242287934048181e+04
4.040937497499419440e-01 -1.562977470586636809e+04
4.060942138576149607e-01 -1.613047795674423469e+04
4.080946779652879219e-01 -1.673293629584775408e+04
4.100951420729608832e-01 -1.739734083245188231e+04
4.120956061806338999e-01 -1.806858462450643128e+04
4.140960702883068612e-01 -1.869440151061103825e+04
4.160965343959798224e-01 -1.924212290791825217e+04
4.180969985036528391e-01 -1.971127090028119710e+04
4.200974626113258004e-01 -2.013687684295621875e+04
4.220979267189987616e-01 -2.058080522878321790e+04
4.240983908266717783e-01 -2.111348266669684017e+04
4.260988549343447396e-01 -2.179038224409669783e+04
4.280993190420177008e-01 -2.263409643249378860e+04
4.300997831496907176e-01 -2.362461471712028288e+04
4.321002472573636788e-01 -2.470264141797541379e+04
4.341007113650366400e-01 -2.578952844327584535e+04
4.361011754727096568e-01 -2.681215190338664615e+04
4.381016395803826180e-01 -2.772337843145064107e+04
4.401021036880555792e-01 -2.851519290076597099e+04
4.421025677957285960e-01 -2.922149980530221001e+04
4.441030319034015572e-01 -2.990849408068845150e+04
4.461034960110745184e-01 -3.065399757307663094e+04
4.481039601187475352e-01 -3.152291596617344476e+04
4.501044242264204964e-01 -3.254896058158656160e+04
4.521048883340934577e-01 -3.371557455793266126e+04
4.541053524417664744e-01 -3.496262540796102985e+04
4.561058165494394356e-01 -3.620354015490963502e+04
4.581062806571123969e-01 -3.734889271574006125e+04
4.601067447647854136e-01 -3.832876011479160661e+04
4.621072088724583748e-01 -3.909954481024767301e+04
4.641076729801313361e-01 -3.966834294035074709e+04
4.661081370878043528e-01 -4.009556742849745933e+04
4.681086011954773141e-01 -4.047594007899207645e+04
4.701090653031502753e-01 -4.091064291552871873e+04
4.721095294108232920e-01 -4.147974576530726335e+04
4.741099935184962533e-01 -4.222323625935756718e+04
4.761104576261692145e-01 -4.314154515601888124e+04
4.781109217338422313e-01 -4.419737111717309745e+04
4.801113858415151925e-01 -4.529924131992363255e+04
4.821118499491881537e-01 -4.633680083930979890e+04
4.841123140568611705e-01 -4.721103848471739184e+04
4.861127781645341317e-01 -4.786806687427511497e+04
4.881132422722070929e-01 -4.829363950086356635e+04
4.901137063798801097e-01 -4.852864329140412156e+04
4.921141704875530709e-01 -4.865777809227174293e+04
4.941146345952260321e-01 -4.878667546782342106e+04
4.961150987028990489e-01 -4.901698556948560145e+04
4.981155628105720101e-01 -4.942647017984440754e+04
5.001160269182449714e-01 -5.005039780429602979e+04
5.021164910259179326e-01 -5.087132782943487109e+04
5.041169551335910048e-01 -5.182376042337917897e+04
5.061174192412639661e-01 -5.281094570774175372e+04
5.081178833489369273e-01 -5.372896970389121998e+04
5.101183474566098885e-01 -5.448735642173752422e+04
5.121188115642828498e-01 -5.502053203407766705e+04
5.141192756719558110e-01 -5.530829776598759054e+04
5.161197397796288833e-01 -5.536863518132991157e+04
5.181202038873018445e-01 -5.527250483083675499e+04
5.201206679949748057e-01 -5.512007712093165901e+04
5.221211321026477670e-01 -5.501600190701145766e+04
5.241215962103207282e-01 -5.504422582115784462e+04
5.261220603179936894e-01 -5.524223811437658878e+04
5.281225244256667617e-01 -5.558103029696358135e+04
5.301229885333397229e-01 -5.598183930109872017e+04
5.321234526410126842e-01 -5.634808968300821289e+04
5.341239167486856454e-01 -5.656694784857323248e+04
5.361243808563586066e-01 -5.654707077669991850e+04
5.381248449640315679e-01 -5.623888641727177310e+04
5.401253090717046401e-01 -5.564539292099569866e+04
5.421257731793776014e-01 -5.482142722926369606e+04
5.441262372870505626e-01 -5.386028245065738884e+04
5.461267013947235238e-01 -5.287087222534228204e+04
5.481271655023964851e-01 -5.194909219878136355e+04
5.501276296100694463e-01 -5.114983887259034964e+04
5.521280937177425185e-01 -5.047409025025175652e+04
5.541285578254154798e-01 -4.987100834429713723e+04
5.561290219330884410e-01 -4.925453763215890649e+04
5.581294860407614022e-01 -4.852917476231192995e+04
5.601299501484343635e-01 -4.761772379664975597e+04
5.621304142561073247e-01 -4.648335376728132542e+04
5.641308783637803970e-01 -4.514042972916286817e+04
5.661313424714533582e-01 -4.365102147265911481e+04
5.681318065791263194e-01 -4.210931056820812228e+04
5.701322706867992807e-01 -4.061822818501266738e+04
5.721327347944722419e-01 -3.926416596381260752e+04
5.741331989021452031e-01 -3.809639493149627378e+04
5.761336630098182754e-01 -3.711492396164574166e+04
5.781341271174912366e-01 -3.627248181115915213e+04
5.801345912251641979e-01 -3.549072020797943696e+04
5.821350553328371591e-01 -3.468434059351820906e+04
5.841355194405101203e-01 -3.378606238752941135e+04
5.861359835481831926e-01 -3.276364849995711484e+04
5.881364476558561538e-01 -3.162639506421829719e+04
5.901369117635291150e-01 -3.042166841439086420e+04
5.921373758712020763e-01 -2.922226347934935256e+04
5.941378399788750375e-01 -2.810656557267402604e+04
5.961383040865479988e-01 -2.713647125533670624e+04
5.981387681942210710e-01 -2.634003068577779050e+04
6.001392323018940322e-01 -2.570669322778653077e+04
6.021396964095669935e-01 -2.519124857763127511e+04
6.041401605172399547e-01 -2.472834972887754338e+04
6.061406246249129159e-01 -2.425203079231949960e+04
6.081410887325858772e-01 -2.371128978658571941e+04
6.101415528402589494e-01 -2.308397626447681250e+04
6.121420169479319107e-01 -2.238189700678116787e+04
6.141424810556048719e-01 -2.164402183976482411e+04
6.161429451632778331e-01 -2.092560218108478875e+04
6.181434092709507944e-01 -2.027675551987612562e+04
6.201438733786237556e-01 -1.973482800628514087e+04
6.221443374862968279e-01 -1.932024135063569702e+04
6.241448015939697891e-01 -1.900335243165581051e+04
6.261452657016427503e-01 -1.872852409489724232e+04
6.281457298093157116e-01 -1.843210362901101325e+04
6.301461939169886728e-01 -1.806436386685486650e+04
6.321466580246616340e-01 -1.760463751343719923e+04
6.341471221323347063e-01 -1.706475714923609485e+04
6.361475862400076675e-01 -1.648484605364847084e+04
6.381480503476806287e-01 -1.592143943531536934e+04
6.401485144553535900e-01 -1.543004974105757901e+04
6.421489785630265512e-01 -1.504860592753662422e+04
6.441494426706995124e-01 -1.478594444695834136e+04
6.461499067783725847e-01 -1.461908635309270176e+04
6.481503708860455459e-01 -1.450267287954847779e+04
6.501508349937185072e-01 -1.438414277508407758e+04
6.521512991013914684e-01 -1.422104721427939148e+04
6.541517632090644296e-01 -1.399502720093649259e+04
6.561522273167373909e-01 -1.371249063372651835e+04
6.581526914244104631e-01 -1.340465880855699106e+04
6.601531555320834244e-01 -1.311654204208948795e+04
6.621536196397563856e-01 -1.289339791052890541e+04
6.641540837474293468e-01 -1.276597453909577052e+04
6.661545478551023081e-01 -1.274082334990277195e+04
6.681550119627752693e-01 -1.279949539768227078e+04
6.701554760704483416e-01 -1.290061003545334279e+04
6.721559401781213028e-01 -1.299538989005767144e+04
6.741564042857942640e-01 -1.304904097894082588e+04
6.761568683934672253e-01 -1.303628478088309203e+04
6.781573325011401865e-01 -1.295052535569077554e+04
6.801577966088131477e-01 -1.283015402657327286e+04
6.821582607164862200e-01 -1.273267855685846371e+04
6.841587248241591812e-01 -1.269890708836086560e+04
6.861591889318321424e-01 -1.275520158268345585e+04
6.881596530395051037e-01 -1.290126746325902604e+04
6.901601171471780649e-01 -1.312082381636570244e+04
6.921605812548510261e-01 -1.338240163270590892e+04
6.941610453625240984e-01 -1.364995990144222196e+04
6.961615094701970596e-01 -1.389614164447774783e+04
6.981619735778700209e-01 -1.411301732979091867e+04
7.001624376855429821e-01 -1.431040818907463472e+04
7.021629017932159433e-01 -1.452162086319969967e+04
7.041633659008889046e-01 -1.478940642921331528e+04
7.061638300085619768e-01 -1.515147908711868877e+04
7.081642941162349381e-01 -1.562641358347980349e+04
7.101647582239078993e-01 -1.620628507533996162e+04
7.121652223315808605e-01 -1.685858663712145062e+04
7.141656864392538218e-01 -1.753717586136432874e+04
7.161661505469267830e-01 -1.819917769842630878e+04
7.181666146545998552e-01 -1.881826648221457435e+04
7.201670787622728165e-01 -1.939423899509022158e+04
7.221675428699457777e-01 -1.995472087490122067e+04
7.241680069776187390e-01 -2.054702160997390820e+04
7.261684710852917002e-01 -2.122201167967285437e+04
7.281689351929646614e-01 -2.201519969839248733e+04
7.301693993006377337e-01 -2.293143783807774889e+04
7.321698634083106949e-01 -2.394191839657290620e+04
7.341703275159836561e-01 -2.499216206901614350e+04
7.361707916236566174e-01 -2.601828083651035195e+04
7.381712557313295786e-01 -2.696545840021325057e+04
7.401717198390026509e-01 -2.780281900332041914e+04
7.421721839466756121e-01 -2.853365590101350244e+04
7.441726480543485733e-01 -2.919533102165114178e+04
7.461731121620215346e-01 -2.984774239751672576e+04
7.481735762696944958e-01 -3.055427176119706564e+04
7.501740403773674570e-01 -3.136132333882921012e+04
7.521745044850405293e-01 -3.228297747462625193e+04
7.541749685927134905e-01 -3.329965694040919334e+04
7.561754327003864518e-01 -3.436210030384533457e+04
7.581758968080594130e-01 -3.540307321248781227e+04
7.601763609157323742e-01 -3.635675565680563886e+04
7.621768250234053355e-01 -3.717364163242586073e+04
7.641772891310784077e-01 -3.783677764035703149e+04
7.661777532387513689e-01 -3.837094283962866757e+04
7.681782173464243302e-01 -3.883427148296696396e+04
7.701786814540972914e-01 -3.930262268601352116e+04
7.721791455617702526e-01 -3.985188597235811903e+04
7.741796096694432139e-01 -4.054038683816476987e+04
7.761800737771162861e-01 -4.139322016696500941e+04
7.781805378847892474e-01 -4.239923609533382842e+04
7.801810019924622086e-01 -4.350889588389960409e+04
7.821814661001351698e-01 -4.464515340335266228e+04
7.841819302078081311e-01 -4.572347852811255871e+04
7.861823943154810923e-01 -4.667488623273267149e+04
7.881828584231541646e-01 -4.745994817502995284e+04
7.901833225308271258e-01 -4.807531351062779140e+04
7.921837866385000870e-01 -4.855513776659058931e+04
7.941842507461730483e-01 -4.895999420377900969e+04
7.961847148538460095e-01 -4.936169800060417037e+04
7.981851789615189707e-01 -4.982800417133887095e+04
8.001856430691920430e-01 -5.040670184680019156e+04
8.021861071768650042e-01 -5.111306863379269635e+04
8.041865712845379655e-01 -5.192766586429864401e+04
8.061870353922109267e-01 -5.280139446361529554e+04
8.081874994998838879e-01 -5.366662046416938392e+04
8.101879636075568492e-01 -5.444998911914489872e+04
8.121884277152299214e-01 -5.508684061051389290e+04
8.141888918229028826e-01 -5.553384821210963855e+04
8.161893559305758439e-01 -5.577634396018848929e+04
8.181898200382488051e-01 -5.583342600127594778e+04
8.201902841459217663e-01 -5.575752728998348175e+04
8.221907482535947276e-01 -5.561769596468703821e+04
8.241912123612677998e-01 -5.548266321981900546e+04
8.261916764689407611e-01 -5.540909592525774497e+04
8.281921405766137223e-01 -5.542955953489669628e+04
8.301926046842866835e-01 -5.554545427773606207e+04
8.321930687919596448e-01 -5.573104994935428840e+04
8.341935328996326060e-01 -5.591233879785066529e+04
8.361939970073056783e-01 -5.600056587526515068e+04
8.381944611149786395e-01 -5.592323402431273280e+04
8.401949252226516007e-01 -5.564152351111129246e+04
8.421953893303245620e-01 -5.515832809105277556e+04
8.441958534379975232e-01 -5.450851599443842133e+04
8.461963175456704844e-01 -5.375046837316492019e+04
8.481967816533435567e-01 -5.295464281606910663e+04
8.501972457610165179e-01 -5.218521066887507914e+04
8.521977098686894792e-01 -5.148117139104858506e+04
8.541981739763624404e-01 -5.084659814323869796e+04
8.561986380840354016e-01 -5.025150741553113039e+04
8.581991021917083629e-01 -4.964017520609572239e+04
8.601995662993814351e-01 -4.894824064343761711e+04
8.622000304070543963e-01 -4.812180533480513259e+04
8.642004945147273576e-01 -4.713267397962160612e+04
8.662009586224003188e-01 -4.598671873276325641e+04
8.682014227300732800e-01 -4.472122354535491468e+04
8.702018868377462413e-01 -4.339475102476395841e+04
8.722023509454193135e-01 -4.207307975943118072e+04
8.742028150530922748e-01 -4.081242968679776095e+04
8.762032791607652360e-01 -3.964565234040578071e+04
8.782037432684381972e-01 -3.857459862235434412e+04
8.802042073761111585e-01 -3.757195416098436544e+04
8.822046714837842307e-01 -3.659224850079621683e+04
8.842051355914571920e-01 -3.558701312158230576e+04
8.862055996991301532e-01 -3.451978252232693922e+04
8.882060638068031144e-01 -3.337683811826225428e+04
8.902065279144760757e-01 -3.217122067867422084e+04
8.922069920221490369e-01 -3.093968555066792396e+04
8.942074561298221091e-01 -2.973400034768220212e+04
8.962079202374950704e-01 -2.860762944176690144e+04
8.982083843451680316e-01 -2.760105803206080600e+04
9.002088484528409928e-01 -2.673193462549501055e+04
9.022093125605139541e-01 -2.599120945634101008e+04
9.042097766681869153e-01 -2.534636145556782139e+04
9.062102407758599876e-01 -2.475270696867508377e+04
9.082107048835329488e-01 -2.416625927858786963e+04
9.102111689912059100e-01 -2.355541586553760135e+04
9.122116330988788713e-01 -2.291434913368977141e+04
9.142120972065518325e-01 -2.225711683947201527e+04
9.162125613142247937e-01 -2.161010240640108532e+04
9.182130254218978660e-01 -2.100724659535301180e+04
9.202134895295708272e-01 -2.047895618754005045e+04
9.222139536372437885e-01 -2.004088300395981059e+04
9.242144177449167497e-01 -1.968761273419176723e+04
9.262148818525897109e-01 -1.939306518703481561e+04
9.282153459602626722e-01 -1.911741308505734924e+04
9.302158100679357444e-01 -1.881837966414522816e+04
9.322162741756087057e-01 -1.846341998126762337e+04
9.342167382832816669e-01 -1.803848851874312095e+04
9.362172023909546281e-01 -1.755300031254748319e+04
9.382176664986275894e-01 -1.703535770773955664e+04
9.402181306063005506e-01 -1.652433884374953777e+04
9.422185947139736228e-01 -1.605752002622625514e+04
9.442190588216465841e-01 -1.567054829924366277e+04
9.462195229293195453e-01 -1.537610130230253344e+04
9.482199870369925065e-01 -1.515838966414587412e+04
9.502204511446654678e-01 -1.498603494513832629e+04
9.522209152523384290e-01 -1.482189644416603915e+04
9.542213793600115013e-01 -1.463405790214838635e+04
9.562218434676844625e-01 -1.440468296327022836e+04
9.582223075753574237e-01 -1.413354773756861869e+04
9.602227716830303850e-01 -1.383740832976087950e+04
9.622232357907033462e-01 -1.354312143753602322e+04
9.642236998983763074e-01 -1.328017632584632520e+04
9.662241640060493797e-01 -1.307207188527128346e+04
9.682246281137223409e-01 -1.293026007961188407e+04
9.702250922213953022e-01 -1.286059435883118022e+04
9.722255563290682634e-01 -1.284444273170988527e+04
9.742260204367412246e-01 -1.285087091542589769e+04
9.762264845444141859e-01 -1.285066072387646454e+04
9.782269486520872581e-01 -1.282933928998377269e+04
9.802274127597602194e-01 -1.278490987935897101e+04
9.822278768674331806e-01 -1.273107046198558055e+04
9.842283409751061418e-01 -1.269478685358671282e+04
9.862288050827791031e-01 -1.270979198100742906e+04
9.882292691904520643e-01 -1.280599966321339161e+04
9.902297332981251365e-01 -1.298943794207623796e+04
9.922301974057980978e-01 -1.324514875106607542e+04
9.942306615134710590e-01 -1.354390781660428547e+04
9.962311256211440202e-01 -1.385236770490464733e+04
9.982315897288169815e-01 -1.414364092796549266e+04
1.000232053836489943e+00 -1.440623427888823971e+04
1.002232517944162904e+00 -1.464768756320003195e+04
1.004232982051835865e+00 -1.489209553847003554e+04
1.006233446159508826e+00 -1.517358534961143414e+04
1.008233910267182010e+00 -1.552525397880112723e+04
1.010234374374854971e+00 -1.596731275849806480e+04
1.012234838482527932e+00 -1.649812378876418734e+04
1.014235302590200893e+00 -1.709471182057326951e+04
1.016235766697873855e+00 -1.771926772269680077e+04
1.018236230805546816e+00 -1.833184765192666964e+04
1.020236694913219777e+00 -1.890289034976495168e+04
1.022237159020892738e+00 -1.942440801477256900e+04
1.024237623128565700e+00 -1.991581874567080013e+04
1.026238087236238661e+00 -2.041931313952743585e+04
1.028238551343911622e+00 -2.098725938816743292e+04
1.030239015451584805e+00 -2.166445728739208062e+04
1.032239479559257767e+00 -2.247474778888614674e+04
1.034239943666930728e+00 -2.341049170278570818e+04
1.036240407774603689e+00 -2.443475897637611706e+04
1.038240871882276650e+00 -2.549175549300346029e+04
1.040241335989949611e+00 -2.652261158804684237e+04
1.042241800097622573e+00 -2.748117399423861207e+04
1.044242264205295534e+00 -2.834802537689319433e+04
1.046242728312968495e+00 -2.913800585208874691e+04
1.048243192420641456e+00 -2.988928601818743482e+04
1.050243656528314418e+00 -3.065232229237121282e+04
1.052244120635987379e+00 -3.147374762797205767e+04
1.054244584743660562e+00 -3.238088538248962504e+04
1.056245048851333523e+00 -3.337494277794228401e+04
1.058245512959006485e+00 -3.443151896081404993e+04
1.060245977066679446e+00 -3.550670158422049280e+04
1.062246441174352407e+00 -3.654913746835380152e+04
1.064246905282025368e+00 -3.751435484355343942e+04
1.066247369389698330e+00 -3.837589351513100701e+04
1.068247833497371291e+00 -3.913160617262870073e+04
1.070248297605044252e+00 -3.980451931470711133e+04
1.072248761712717213e+00 -4.043603243522555567e+04
1.074249225820390174e+00 -4.107407940730084374e+04
1.076249689928063136e+00 -4.175922519475186709e+04
1.078250154035736319e+00 -4.251284959940940462e+04
1.080250618143409280e+00 -4.332989839728672086e+04
1.082251082251082241e+00 -4.417198412670913967e+04
1.084251546358755203e+00 -4.496640324532382510e+04
1.086252010466428164e+00 -4.566358291695664957e+04
1.088252474574101125e+00 -4.624848641808779212e+04
1.090252938681774086e+00 -4.673567481654426228e+04
1.092253402789447048e+00 -4.716484661742423486e+04
1.094253866897120009e+00 -4.759273383245481091e+04
1.096254331004792970e+00 -4.807880867499373562e+04
1.098254795112465931e+00 -4.867182480112228950e+04
1.100255259220138893e+00 -4.939593112086522888e+04
1.102255723327812076e+00 -5.024034091496227484e+04
1.104256187435485037e+00 -5.116823389517686883e+04
1.106256651543157998e+00 -5.212048632161405112e+04
1.108257115650830960e+00 -5.302870334174665913e+04
1.110257579758503921e+00 -5.382824324962512765e+04
1.112258043866176882e+00 -5.447142045628058986e+04
1.114258507973849843e+00 -5.493557554140462162e+04
1.116258972081522804e+00 -5.522287209216714109e+04
1.118259436189195766e+00 -5.537457179738286504e+04
1.120259900296868727e+00 -5.545042548744037776e+04
1.122260364404541688e+00 -5.551474220685212640e+04
1.124260828512214649e+00 -5.562292828419977741e+04
1.126261292619887833e+00 -5.580888110499184404e+04
1.128261756727560794e+00 -5.608125162943450414e+04
1.130262220835233755e+00 -5.641891073678826069e+04
1.132262684942906716e+00 -5.676406146708333108e+04
1.134263149050579678e+00 -5.703317260560741852e+04
1.136263613158252639e+00 -5.715210181838462449e+04
1.138264077265925600e+00 -5.706760217204334913e+04
1.140264541373598561e+00 -5.675279602397668350e+04
1.142265005481271523e+00 -5.623162064506113529e+04
1.144265469588944484e+00 -5.555896062757736217e+04
1.146265933696617445e+00 -5.480316330277510133e+04
1.148266397804290406e+00 -5.403069401580336853e+04
1.150266861911963590e+00 -5.329185562611116620e+04
1.152267326019636551e+00 -5.261626495341339614e+04
1.154267790127309512e+00 -5.200346850009149057e+04
1.156268254234982473e+00 -5.142033672998075781e+04
1.158268718342655434e+00 -5.081171007497266692e+04
1.160269182450328396e+00 -5.011719633649390744e+04
1.162269646558001357e+00 -4.928890737288429227e+04
1.164270110665674318e+00 -4.830510504369423870e+04
1.166270574773347279e+00 -4.717627778328549175e+04
1.168271038881020241e+00 -4.594232115138570225e+04
1.170271502988693202e+00 -4.466304247266516904e+04
1.172271967096366385e+00 -4.340311477043404011e+04
1.174272431204039346e+00 -4.221411490718901041e+04
1.176272895311712308e+00 -4.111589147132283688e+04
1.178273359419385269e+00 -4.009766131474135909e+04
1.180273823527058230e+00 -3.913541617337935168e+04
1.182274287634731191e+00 -3.819031712537842395e+04
1.184274751742404153e+00 -3.722070827755417849e+04
1.186275215850077114e+00 -3.619421480983378569e+04
1.188275679957750075e+00 -3.509698542431004898e+04
1.190276144065423036e+00 -3.393799365938929986e+04
1.192276608173095998e+00 -3.274707166204660825e+04
1.194277072280768959e+00 -3.156691384589204972e+04
1.196277536388442142e+00 -3.044191121493365063e+04
1.198278000496115103e+00 -2.940706812742832699e+04
1.200278464603788064e+00 -2.847961025238419097e+04
1.202278928711461026e+00 -2.765418706298885081e+04
1.204279392819133987e+00 -2.690772018876095171e+04
1.206279856926806948e+00 -2.620757106299195948e+04
1.208280321034479909e+00 -2.551813177574502333e+04
1.210280785142152871e+00 -2.481158785837914547e+04
1.212281249249825832e+00 -2.407957123163204960e+04
1.214281713357498793e+00 -2.334415187049331871e+04
1.216282177465171754e+00 -2.263830172592730742e+04
1.218282641572844716e+00 -2.198228575118181834e+04
1.220283105680517899e+00 -2.139454259237655788e+04
1.222283569788190860e+00 -2.088589860855079314e+04
1.224284033895863821e+00 -2.045474460837526203e+04
1.226284498003536783e+00 -2.008897631224415818e+04
1.228284962111209744e+00 -1.976859625642857645e+04
1.230285426218882705e+00 -1.947101598888156514e+04
1.232285890326555666e+00 -1.917697435262678482e+04
1.234286354434228627e+00 -1.887530054292458954e+04
1.236286818541901589e+00 -1.856507671826987644e+04
1.238287282649574550e+00 -1.825448109093875246e+04
1.240287746757247511e+00 -1.795632465546202729e+04
1.242288210864920472e+00 -1.768230954342276527e+04
1.244288674972593656e+00 -1.744165801628052941e+04
1.246289139080266617e+00 -1.723495341653031574e+04
1.248289603187939578e+00 -1.705079034576045524e+04
1.250290067295612539e+00 -1.686886874042002455e+04
1.252290531403285501e+00 -1.666557800103049885e+04
1.254290995510958462e+00 -1.641382870427433954e+04
1.256291459618631423e+00 -1.610688728268304840e+04
1.258291923726304384e+00 -1.576053330057266976e+04
1.260292387833977346e+00 -1.540554500409569482e+04
1.262292851941650307e+00 -1.507811574216938607e+04
1.264293316049323268e+00 -1.481195293623990801e+04
1.266293780156996229e+00 -1.462978202143738417e+04
1.268294244264669413e+00 -1.453774851155759461e+04
1.270294708372342374e+00 -1.452442464859816209e+04
1.272295172480015335e+00 -1.456401046550035426e+04
1.274295636587688296e+00 -1.462621129144167571e+04
1.276296100695361257e+00 -1.468504153604363455e+04
1.278296564803034219e+00 -1.472722696648445344e+04
1.280297028910707180e+00 -1.475947193177343797e+04
1.282297493018380141e+00 -1.480358567724662862e+04
1.284297957126053102e+00 -1.487707628462483626e+04
1.286298421233726064e+00 -1.499590025368757051e+04
1.288298885341399025e+00 -1.516929191053053728e+04
1.290299349449071986e+00 -1.539611940452525232e+04
1.292299813556745169e+00 -1.566534783918600260e+04
1.294300277664418131e+00 -1.596242210215258274e+04
1.296300741772091092e+00 -1.626895563577912799e+04
1.298301205879764053e+00 -1.670703092208982707e+04
1.300301669987437014e+00 -1.746054150548519101e+04
1.302302134095109976e+00 -1.840851594042176293e+04
1.304302598202782937e+00 -1.935225980925624754e+04
1.306303062310455898e+00 -2.010073406460350088e+04
1.308303526418128859e+00 -2.060099851147833397e+04
1.310303990525801821e+00 -2.091159433250065922e+04
1.312304454633474782e+00 -2.112449658698989515e+04
1.314304918741147743e+00 -2.140056964950563997e+04
1.316305382848820926e+00 -2.190287279282565578e+04
1.318305846956493887e+00 -2.272035624784155152e+04
1.320306311064166849e+00 -2.381441371383639489e+04
1.322306775171839810e+00 -2.505801850120607560e+04
1.324307239279512771e+00 -2.628219570251870391e+04
1.326307703387185732e+00 -2.732200529209297383e+04
1.328308167494858694e+00 -2.804403304939919690e+04
1.330308631602531655e+00 -2.841139036201596900e+04
1.332309095710204616e+00 -2.849782105299048999e+04
1.334309559817877577e+00 -2.845356843537190434e+04
1.336310023925550539e+00 -2.844828953326360715e+04
1.338310488033223722e+00 -2.860355782478248875e+04
1.340310952140896683e+00 -2.899569686783830912e+04
1.342311416248569644e+00 -2.961758097784622078e+04
1.344311880356242606e+00 -3.037554513175116153e+04
1.346312344463915567e+00 -3.109979235711265210e+04
1.348312808571588528e+00 -3.168303864085119130e+04
1.350313272679261489e+00 -3.211672398104755848e+04
1.352313736786934451e+00 -3.243143928782205694e+04
1.354314200894607412e+00 -3.269157233324425033e+04
1.356314665002280373e+00 -3.300427198328305531e+04
1.358315129109953334e+00 -3.339905560099521244e+04
1.360315593217626295e+00 -3.393367100537704391e+04
1.362316057325299479e+00 -3.464741539098636713e+04
1.364316521432972440e+00 -3.552248780640693440e+04
1.366316985540645401e+00 -3.645275834800652228e+04
1.368317449648318362e+00 -3.729611389203403814e+04
1.370317913755991324e+00 -3.799149378770899784e+04
1.372318377863664285e+00 -3.855489742347766878e+04
1.374318841971337246e+00 -3.900798238500344451e+04
1.376319306079010207e+00 -3.935980379647425434e+04
1.378319770186683169e+00 -3.962185279197664204e+04
1.380320234294356130e+00 -3.987235430979909870e+04
1.382320698402029091e+00 -4.023561504455107206e+04
1.384321162509702052e+00 -4.076424592849652981e+04
1.386321626617375236e+00 -4.148041628958671936e+04
1.388322090725048197e+00 -4.231385571576294024e+04
1.390322554832721158e+00 -4.315006281866125209e+04
1.392323018940394119e+00 -4.390328100616106531e+04
1.394323483048067081e+00 -4.446966053887220914e+04
1.396323947155740042e+00 -4.475479542603285518e+04
1.398324411263413003e+00 -4.468304111227180692e+04
1.400324875371085964e+00 -4.426093805161100317e+04
1.402325339478758925e+00 -4.362648703323701193e+04
1.404325803586431887e+00 -4.292443647803056228e+04
1.406326267694104848e+00 -4.231148126817682351e+04
1.408326731801777809e+00 -4.192957359543370694e+04
1.410327195909450992e+00 -4.189826018294122332e+04
1.412327660017123954e+00 -4.221728796926308860e+04
1.414328124124796915e+00 -4.273989869343823375e+04
1.416328588232469876e+00 -4.328499344056758855e+04
1.418329052340142837e+00 -4.366625515149154671e+04
1.420329516447815799e+00 -4.373009580709377042e+04
1.422329980555488760e+00 -4.342300750793191401e+04
1.424330444663161721e+00 -4.279901266325786855e+04
1.426330908770834682e+00 -4.200686589632229879e+04
1.428331372878507644e+00 -4.114203448013886373e+04
1.430331836986180605e+00 -4.052906379669948365e+04
1.432332301093853566e+00 -4.027617118422772910e+04
1.434332765201526749e+00 -4.034795504313914716e+04
1.436333229309199710e+00 -4.067741516602765478e+04
1.438333693416872672e+00 -4.112312232210274669e+04
1.440334157524545633e+00 -4.149572981913100375e+04
1.442334621632218594e+00 -4.166538118852210755e+04
1.444335085739891555e+00 -4.157304410300395102e+04
1.446335549847564517e+00 -4.125943119438153371e+04
1.448336013955237478e+00 -4.082260844279330922e+04
1.450336478062910439e+00 -4.037716671566935838e+04
1.452336942170583400e+00 -4.001393306241558457e+04
1.454337406278256362e+00 -3.977633878459819243e+04
1.456337870385929323e+00 -3.965477886673184548e+04
1.458338334493602506e+00 -3.957212310784471629e+04
1.460338798601275467e+00 -3.939728383803625911e+04
1.462339262708948429e+00 -3.900356298210334353e+04
1.464339726816621390e+00 -3.834737137589210033e+04
1.466340190924294351e+00 -3.749818325022578938e+04
1.468340655031967312e+00 -3.656773965577195486e+04
1.470341119139640274e+00 -3.569621024022359779e+04
1.472341583247313235e+00 -3.501183789662349591e+04
1.474342047354986196e+00 -3.459562516426958609e+04
1.476342511462659157e+00 -3.445920429024617624e+04
1.478342975570332118e+00 -3.454097961884099641e+04
1.480343439678005302e+00 -3.471707176150132727e+04
1.482343903785678263e+00 -3.485337293880851939e+04
1.484344367893351224e+00 -3.483268915605774964e+04
1.486344832001024185e+00 -3.458337358044405119e+04
1.488345296108697147e+00 -3.409759568207046686e+04
1.490345760216370108e+00 -3.344097328625553200e+04
1.492346224324043069e+00 -3.273648117579869722e+04
1.494346688431716030e+00 -3.212072116093246223e+04
1.496347152539388992e+00 -3.171023453744974540e+04
1.498347616647061953e+00 -3.157834291563148872e+04
1.500348080754734914e+00 -3.172572766865693120e+04
1.502348544862407875e+00 -3.211093623469214072e+04
1.504349008970081059e+00 -3.265035136952518224e+04
1.506349473077754020e+00 -3.321597802534386574e+04
1.508349937185426981e+00 -3.367214306038121867e+04
1.510350401293099942e+00 -3.395834426867903676e+04
1.512350865400772904e+00 -3.404928321411267098e+04
1.514351329508445865e+00 -3.394387682354480785e+04
