0.000000000000000000e+00 -8.329999998350534952e+03
2.000464107672979882e-03 -8.328815190812723813e+03
4.000928215345959764e-03 -8.325705668283015257e+03
6.001392323018940080e-03 -8.322713797654872906e+03
8.001856430691919528e-03 -8.321819454382108233e+03
1.000232053836489984e-02 -8.323086744472668215e+03
1.200278464603788016e-02 -8.324462466021961518e+03
1.400324875371086047e-02 -8.324670546041765192e+03
1.600371286138383906e-02 -8.322973088219750935e+03
1.800417696905682111e-02 -8.320951289593753245e+03
2.000464107672979969e-02 -8.319681221418393761e+03
2.200510518440277827e-02 -8.319917462440331292e+03
2.400556929207576032e-02 -8.320811998992974623e+03
2.600603339974873890e-02 -8.321254151396824454e+03
2.800649750742172095e-02 -8.320720626212269053e+03
3.000696161509469953e-02 -8.319455689590206021e+03
3.200742572276767811e-02 -8.318515476712462259e+03
3.400788983044066016e-02 -8.318302660600747913e+03
3.600835393811364221e-02 -8.318860395101015456e+03
3.800881804578661732e-02 -8.319380817944973387e+03
4.000928215345959937e-02 -8.319443855096904372e+03
4.200974626113258142e-02 -8.318958767843974783e+03
4.401021036880555654e-02 -8.318413859037838847e+03
4.601067447647853859e-02 -8.318287935015492621e+03
4.801113858415152064e-02 -8.318648616003636562e+03
5.001160269182450269e-02 -8.319262309890127653e+03
5.201206679949747780e-02 -8.319659023103846266e+03
5.401253090717045985e-02 -8.319764309930487798e+03
5.601299501484344190e-02 -8.319605145045945392e+03
5.801345912251641701e-02 -8.319865560149082739e+03
6.001392323018939906e-02 -8.320231130064228637e+03
6.201438733786238111e-02 -8.320934059351109681e+03
6.401485144553535622e-02 -8.321542967918263457e+03
6.601531555320834521e-02 -8.322008761425195189e+03
6.801577966088132032e-02 -8.322410370955552935e+03
7.001624376855429543e-02 -8.322788497125715367e+03
7.201670787622728442e-02 -8.323451849442257299e+03
7.401717198390025954e-02 -8.324175059814111592e+03
7.601763609157323465e-02 -8.325052859086632452e+03
7.801810019924622364e-02 -8.325781280390690881e+03
8.001856430691919875e-02 -8.326496197654800199e+03
8.201902841459217386e-02 -8.327174134923254314e+03
8.401949252226516285e-02 -8.327958823987017240e+03
8.601995662993813796e-02 -8.328872716404042876e+03
8.802042073761111307e-02 -8.329825896386024397e+03
9.002088484528410206e-02 -8.330804584755693213e+03
9.202134895295707717e-02 -8.331690724692374715e+03
9.402181306063006616e-02 -8.332599301802436457e+03
9.602227716830304127e-02 -8.333505394425070335e+03
9.802274127597601638e-02 -8.334511925522750971e+03
1.000232053836490054e-01 -8.335156133477375988e+03
1.020236694913219805e-01 -8.335144289407151518e+03
1.040241335989949556e-01 -8.335148010560715193e+03
1.060245977066679446e-01 -8.336043181250577618e+03
1.080250618143409197e-01 -8.337488617176808475e+03
1.100255259220138948e-01 -8.338861328276114364e+03
1.120259900296868838e-01 -8.339553362134760391e+03
1.140264541373598589e-01 -8.339813031655769009e+03
1.160269182450328340e-01 -8.340175607558363481e+03
1.180273823527058230e-01 -8.341041372041401701e+03
1.200278464603787981e-01 -8.342238075461085828e+03
1.220283105680517732e-01 -8.343299395243619074e+03
1.240287746757247622e-01 -8.343965034885766727e+03
1.260292387833977512e-01 -8.344343326693853669e+03
1.280297028910707124e-01 -8.344825887325238000e+03
1.300301669987437014e-01 -8.345568230067681725e+03
1.320306311064166904e-01 -8.346507247449702845e+03
1.340310952140896517e-01 -8.347311976370820048e+03
1.360315593217626406e-01 -8.347882775709602356e+03
1.380320234294356296e-01 -8.348251584814086527e+03
1.400324875371085909e-01 -8.348679388800324887e+03
1.420329516447815799e-01 -8.349231825565884719e+03
1.440334157524545688e-01 -8.349885510595806409e+03
1.460338798601275301e-01 -8.350442088181793224e+03
1.480343439678005191e-01 -8.350836749266265542e+03
1.500348080754735081e-01 -8.351094550939764304e+03
1.520352721831464693e-01 -8.351343736103093761e+03
1.540357362908194583e-01 -8.351655765411825996e+03
1.560362003984924473e-01 -8.351993074268244527e+03
1.580366645061654085e-01 -8.352279049983928417e+03
1.600371286138383975e-01 -8.352433751663393195e+03
1.620375927215113865e-01 -8.352494360584272727e+03
1.640380568291843477e-01 -8.352514347831842315e+03
1.660385209368573367e-01 -8.352532348904260289e+03
1.680389850445303257e-01 -8.352532628815319185e+03
1.700394491522032869e-01 -8.352528696802814011e+03
1.720399132598762759e-01 -8.352525159575823636e+03
1.740403773675492649e-01 -8.352523202207859867e+03
1.760408414752222261e-01 -8.353022274149516306e+03
1.780413055828952151e-01 -8.351262649460912144e+03
1.800417696905682041e-01 -8.349720684719792189e+03
1.820422337982411654e-01 -8.350956130712007507e+03
1.840426979059141543e-01 -8.349694420656422153e+03
1.860431620135871433e-01 -8.351576128329552375e+03
1.880436261212601323e-01 -8.349300306695566178e+03
1.900440902289330936e-01 -8.349550701083873719e+03
1.920445543366060825e-01 -8.347348700611888489e+03
1.940450184442790715e-01 -8.346951576468427447e+03
1.960454825519520328e-01 -8.346611551363514081e+03
1.980459466596250218e-01 -8.346162597202217512e+03
2.000464107672980107e-01 -8.346056645703229151e+03
2.020468748749709720e-01 -8.344221843539869951e+03
2.040473389826439610e-01 -8.343349612620313565e+03
2.060478030903169500e-01 -8.341676204436760599e+03
2.080482671979899112e-01 -8.341218907750944709e+03
2.100487313056629002e-01 -8.340324700071285406e+03
2.120491954133358892e-01 -8.339643419520361931e+03
2.140496595210088504e-01 -8.338486791225841444e+03
2.160501236286818394e-01 -8.336898814773512640e+03
2.180505877363548284e-01 -8.335664004679330901e+03
2.200510518440277896e-01 -8.334158847167860586e+03
2.220515159517007786e-01 -8.333338932940610903e+03
2.240519800593737676e-01 -8.332109231408152482e+03
2.260524441670467288e-01 -8.331019085640249614e+03
2.280529082747197178e-01 -8.329566353465586872e+03
2.300533723823927068e-01 -8.328009208141913405e+03
2.320538364900656680e-01 -8.326634779863430595e+03
2.340543005977386570e-01 -8.325179562700413953e+03
2.360547647054116460e-01 -8.324052989421721577e+03
2.380552288130846073e-01 -8.322723869859015394e+03
2.400556929207575962e-01 -8.322335739193855261e+03
2.420561570284305852e-01 -8.322052376579700649e+03
2.440566211361035465e-01 -8.321430230382697118e+03
2.460570852437765355e-01 -8.319792399619451317e+03
2.480575493514495244e-01 -8.317804539761451451e+03
2.500580134591224857e-01 -8.316080509211404205e+03
2.520584775667955024e-01 -8.314967490675709996e+03
2.540589416744684637e-01 -8.314289275777276998e+03
2.560594057821414249e-01 -8.313340404220407436e+03
2.580598698898144416e-01 -8.311966531087204203e+03
2.600603339974874029e-01 -8.310109223147237572e+03
2.620607981051603641e-01 -8.308400837854893325e+03
2.640612622128333808e-01 -8.306961445571312652e+03
2.660617263205063421e-01 -8.305909604038417456e+03
2.680621904281793033e-01 -8.304789868690677395e+03
2.700626545358523201e-01 -8.303448384462524700e+03
2.720631186435252813e-01 -8.301803830121290957e+03
2.740635827511982425e-01 -8.300155451210941465e+03
2.760640468588712593e-01 -8.298701370593285901e+03
2.780645109665442205e-01 -8.297498990356069044e+03
2.800649750742171817e-01 -8.296383345352815013e+03
2.820654391818901985e-01 -8.295164216907389346e+03
2.840659032895631597e-01 -8.293808211219113218e+03
2.860663673972361210e-01 -8.292425641065847230e+03
2.880668315049091377e-01 -8.291195642239859808e+03
2.900672956125820989e-01 -8.290162971590729285e+03
2.920677597202550602e-01 -8.289267287537286393e+03
2.940682238279280769e-01 -8.288376207411440191e+03
2.960686879356010381e-01 -8.287444715080297101e+03
2.980691520432739994e-01 -8.286535989926849652e+03
3.000696161509470161e-01 -8.285750914402429771e+03
3.020700802586199774e-01 -8.285154589489338832e+03
3.040705443662929386e-01 -8.284887139645743446e+03
3.060710084739659553e-01 -8.286809979839987136e+03
3.080714725816389166e-01 -8.289326146357921971e+03
3.100719366893118778e-01 -8.290866026923420577e+03
3.120724007969848945e-01 -8.290114743451111281e+03
3.140728649046578558e-01 -8.288763305230335391e+03
3.160733290123308170e-01 -8.288427664512100819e+03
3.180737931200038338e-01 -8.285063963872780732e+03
3.200742572276767950e-01 -8.265391199963612962e+03
3.220747213353497562e-01 -8.267298056272093163e+03
3.240751854430227730e-01 -8.285218922227610165e+03
3.260756495506957342e-01 -8.308060127374707008e+03
3.280761136583686954e-01 -8.309481608219994087e+03
3.300765777660417122e-01 -8.301288791862429207e+03
3.320770418737146734e-01 -8.284437134153482475e+03
3.340775059813876346e-01 -8.283005030011008785e+03
3.360779700890606514e-01 -8.291256972929480980e+03
3.380784341967336126e-01 -8.306416812843983280e+03
3.400788983044065739e-01 -8.313626679391718426e+03
3.420793624120795906e-01 -8.310154002295412283e+03
3.440798265197525518e-01 -8.302761395526584238e+03
3.460802906274255131e-01 -8.297912810876337971e+03
3.480807547350985298e-01 -8.303589045843937129e+03
3.500812188427714911e-01 -8.311839949093384348e+03
3.520816829504444523e-01 -8.320210985137693569e+03
3.540821470581174690e-01 -8.320224084632227459e+03
3.560826111657904303e-01 -8.317369177980548557e+03
3.580830752734633915e-01 -8.314228087232706457e+03
3.600835393811364082e-01 -8.316621946573795867e+03
3.620840034888093695e-01 -8.322703992216162078e+03
3.640844675964823307e-01 -8.328668022673908126e+03
3.660849317041553475e-01 -8.331591296109203540e+03
3.680853958118283087e-01 -8.330492229888435759e+03
3.700858599195013254e-01 -8.329689607839018208e+03
3.720863240271742867e-01 -8.330518596900641569e+03
3.740867881348472479e-01 -8.334917770675870997e+03
3.760872522425202646e-01 -8.339346491328458796e+03
3.780877163501932259e-01 -8.342713151909701992e+03
3.800881804578661871e-01 -8.343004814909378183e+03
3.820886445655392039e-01 -8.340966923567295453e+03
3.840891086732121651e-01 -8.339681428868840158e+03
3.860895727808851263e-01 -8.342079621626769949e+03
3.880900368885581431e-01 -8.346609995921442533e+03
3.900905009962311043e-01 -8.350168316154682543e+03
3.920909651039040655e-01 -8.350867031473586394e+03
3.940914292115770823e-01 -8.349923468818888068e+03
3.960918933192500435e-01 -8.349904853923015253e+03
3.980923574269230047e-01 -8.352015944057697197e+03
4.000928215345960215e-01 -8.355282855574008863e+03
4.020932856422689827e-01 -8.357573060067699771e+03
4.040937497499419440e-01 -8.358241250986502564e+03
4.060942138576149607e-01 -8.357924582210274821e+03
4.080946779652879219e-01 -8.358388213353737228e+03
4.100951420729608832e-01 -8.359974761203187882e+03
4.120956061806338999e-01 -8.362207248982591409e+03
4.140960702883068612e-01 -8.363734437944844103e+03
4.160965343959798224e-01 -8.364320423972889330e+03
4.180969985036528391e-01 -8.364363932270620353e+03
4.200974626113258004e-01 -8.364751984641568924e+03
4.220979267189987616e-01 -8.365643874281642638e+03
4.240983908266717783e-01 -8.367068099551001069e+03
4.260988549343447396e-01 -8.368071760750612157e+03
4.280993190420177008e-01 -8.368570354098454118e+03
4.300997831496907176e-01 -8.368612339997793242e+03
4.321002472573636788e-01 -8.368756695711139400e+03
4.341007113650366400e-01 -8.369031488220920437e+03
4.361011754727096568e-01 -8.369597179582719036e+03
4.381016395803826180e-01 -8.370236756447142398e+03
4.401021036880555792e-01 -8.370410511255558959e+03
4.421025677957285960e-01 -8.370414249177727470e+03
4.441030319034015572e-01 -8.370426616164855659e+03
4.461034960110745184e-01 -8.370428396918050566e+03
4.481039601187475352e-01 -8.370424898074790690e+03
4.501044242264204964e-01 -8.370425038193952787e+03
4.521048883340934577e-01 -8.370422322209806225e+03
4.541053524417664744e-01 -8.370412018291892309e+03
4.561058165494394356e-01 -8.369250806638405265e+03
4.581062806571123969e-01 -8.364838576755559188e+03
4.601067447647854136e-01 -8.367075938795171169e+03
4.621072088724583748e-01 -8.366412508758752665e+03
4.641076729801313361e-01 -8.371021968128445224e+03
4.661081370878043528e-01 -8.367024158152256859e+03
4.681086011954773141e-01 -8.364047528930419503e+03
4.701090653031502753e-01 -8.364077711770034512e+03
4.721095294108232920e-01 -8.359856038242447539e+03
4.741099935184962533e-01 -8.363901472848818230e+03
4.761104576261692145e-01 -8.360922726421533298e+03
4.781109217338422313e-01 -8.362632270033685927e+03
4.801113858415151925e-01 -8.360079314150911159e+03
4.821118499491881537e-01 -8.356988928842813039e+03
4.841123140568611705e-01 -8.357266562435192100e+03
4.861127781645341317e-01 -8.353584938915628300e+03
4.881132422722070929e-01 -8.355365455424380343e+03
4.901137063798801097e-01 -8.353202861909283456e+03
4.921141704875530709e-01 -8.352238676560005842e+03
4.941146345952260321e-01 -8.351272709731430950e+03
4.961150987028990489e-01 -8.347743934570346028e+03
4.981155628105720101e-01 -8.346643591335414385e+03
5.001160269182449714e-01 -8.344695460646511492e+03
5.021164910259179326e-01 -8.345553269169915438e+03
5.041169551335910048e-01 -8.343524859959610694e+03
5.061174192412639661e-01 -8.342033423372222387e+03
5.081178833489369273e-01 -8.339857467330768486e+03
5.101183474566098885e-01 -8.337083740355554255e+03
5.121188115642828498e-01 -8.336208035654188279e+03
5.141192756719558110e-01 -8.334362550448468028e+03
5.161197397796288833e-01 -8.333715164014467518e+03
5.181202038873018445e-01 -8.332285829786907925e+03
5.201206679949748057e-01 -8.330244469136099724e+03
5.221211321026477670e-01 -8.328633873599239450e+03
5.241215962103207282e-01 -8.326219170173540988e+03
5.261220603179936894e-01 -8.324858598425060336e+03
5.281225244256667617e-01 -8.323390286665046006e+03
5.301229885333397229e-01 -8.321985970652998731e+03
5.321234526410126842e-01 -8.321299983273829639e+03
5.341239167486856454e-01 -8.321265465612013941e+03
5.361243808563586066e-01 -8.321859438913794293e+03
5.381248449640315679e-01 -8.320931294198524483e+03
5.401253090717046401e-01 -8.318883016863395824e+03
5.421257731793776014e-01 -8.316425271531163162e+03
5.441262372870505626e-01 -8.314489551529321034e+03
5.461267013947235238e-01 -8.313841981600871804e+03
5.481271655023964851e-01 -8.313422142076227829e+03
5.501276296100694463e-01 -8.312934129310975550e+03
5.521280937177425185e-01 -8.311360063122041538e+03
5.541285578254154798e-01 -8.309450409342643979e+03
5.561290219330884410e-01 -8.307480998192011612e+03
5.581294860407614022e-01 -8.306175115997803005e+03
5.601299501484343635e-01 -8.305378152668674375e+03
5.621304142561073247e-01 -8.304621028003062747e+03
5.641308783637803970e-01 -8.303540495990193449e+03
5.661313424714533582e-01 -8.301945068192699182e+03
5.681318065791263194e-01 -8.300330161233763647e+03
5.701322706867992807e-01 -8.298873473931389526e+03
5.721327347944722419e-01 -8.297920927548109830e+03
5.741331989021452031e-01 -8.297105323313953704e+03
5.761336630098182754e-01 -8.296286134512023636e+03
5.781341271174912366e-01 -8.295158556405040144e+03
5.801345912251641979e-01 -8.293957769568502044e+03
5.821350553328371591e-01 -8.292811045345011735e+03
5.841355194405101203e-01 -8.291982221674643370e+03
5.861359835481831926e-01 -8.291368351645778603e+03
5.881364476558561538e-01 -8.290861065950106422e+03
5.901369117635291150e-01 -8.290241278749477715e+03
5.921373758712020763e-01 -8.289576018308362109e+03
5.941378399788750375e-01 -8.288936419474513968e+03
5.961383040865479988e-01 -8.288507413547577016e+03
5.981387681942210710e-01 -8.288329268559891716e+03
6.001392323018940322e-01 -8.288370395594973161e+03
6.021396964095669935e-01 -8.288278594707440789e+03
6.041401605172399547e-01 -8.288320007150283345e+03
6.061406246249129159e-01 -8.288333143579873649e+03
6.081410887325858772e-01 -8.288326199342989639e+03
6.101415528402589494e-01 -8.288336053605107736e+03
6.121420169479319107e-01 -8.288419379041433785e+03
6.141424810556048719e-01 -8.288620652164885541e+03
6.161429451632778331e-01 -8.289528531148767797e+03
6.181434092709507944e-01 -8.290758231317062382e+03
6.201438733786237556e-01 -8.291434348703018259e+03
6.221443374862968279e-01 -8.292066523056651931e+03
6.241448015939697891e-01 -8.292423145931350518e+03
6.261452657016427503e-01 -8.293164353655201921e+03
6.281457298093157116e-01 -8.294436522569039880e+03
6.301461939169886728e-01 -8.295793516723346329e+03
6.321466580246616340e-01 -8.297220461980694381e+03
6.341471221323347063e-01 -8.298263180599547923e+03
6.361475862400076675e-01 -8.299355253845878906e+03
6.381480503476806287e-01 -8.300535275721616927e+03
6.401485144553535900e-01 -8.302047335108940388e+03
6.421489785630265512e-01 -8.303762150566364653e+03
6.441494426706995124e-01 -8.305435020445764167e+03
6.461499067783725847e-01 -8.307032617703403957e+03
6.481503708860455459e-01 -8.308491059600719382e+03
6.501508349937185072e-01 -8.310100739384201006e+03
6.521512991013914684e-01 -8.311827690761783742e+03
6.541517632090644296e-01 -8.313755467982464324e+03
6.561522273167373909e-01 -8.315652118802419864e+03
6.581526914244104631e-01 -8.317506656068815573e+03
6.601531555320834244e-01 -8.319275742202820766e+03
6.621536196397563856e-01 -8.321088857168648246e+03
6.641540837474293468e-01 -8.322999498285296795e+03
6.661545478551023081e-01 -8.324993782261792148e+03
6.681550119627752693e-01 -8.327006975148546189e+03
6.701554760704483416e-01 -8.328950096734744875e+03
6.721559401781213028e-01 -8.330853305643126077e+03
6.741564042857942640e-01 -8.332734387768834495e+03
6.761568683934672253e-01 -8.334676269121064252e+03
6.781573325011401865e-01 -8.336638355460170715e+03
6.801577966088131477e-01 -8.338607973098858565e+03
6.821582607164862200e-01 -8.340508578983413827e+03
6.841587248241591812e-01 -8.341697283281224372e+03
6.861591889318321424e-01 -8.342105346139309404e+03
6.881596530395051037e-01 -8.342805790395956137e+03
6.901601171471780649e-01 -8.344783123446963145e+03
6.921605812548510261e-01 -8.347276367128342827e+03
6.941610453625240984e-01 -8.349407351336283682e+03
6.961615094701970596e-01 -8.350504407908298163e+03
6.981619735778700209e-01 -8.351186286757771086e+03
7.001624376855429821e-01 -8.352152555593107536e+03
7.021629017932159433e-01 -8.353835622763925130e+03
7.041633659008889046e-01 -8.355757063893814120e+03
7.061638300085619768e-01 -8.357339799463350573e+03
7.081642941162349381e-01 -8.358316059023796697e+03
7.101647582239078993e-01 -8.359029629056116391e+03
7.121652223315808605e-01 -8.359952030087742969e+03
7.141656864392538218e-01 -8.361225987396292112e+03
7.161661505469267830e-01 -8.362628289178648629e+03
7.181666146545998552e-01 -8.363755206029331021e+03
7.201670787622728165e-01 -8.364534577061283926e+03
7.221675428699457777e-01 -8.365099719345907943e+03
7.241680069776187390e-01 -8.365773927115191327e+03
7.261684710852917002e-01 -8.366600345104105145e+03
7.281689351929646614e-01 -8.367490701849412289e+03
7.301693993006377337e-01 -8.368205238813850883e+03
7.321698634083106949e-01 -8.368679319924438460e+03
7.341703275159836561e-01 -8.368998702630859043e+03
7.361707916236566174e-01 -8.369296275072261778e+03
7.381712557313295786e-01 -8.369667950995768479e+03
7.401717198390026509e-01 -8.370044551926606800e+03
7.421721839466756121e-01 -8.370333709312024439e+03
7.441726480543485733e-01 -8.370461041801983811e+03
7.461731121620215346e-01 -8.370462256267055636e+03
7.481735762696944958e-01 -8.370479540201395139e+03
7.501740403773674570e-01 -8.370470530924056220e+03
7.521745044850405293e-01 -8.370467156474400326e+03
7.541749685927134905e-01 -8.370465726488484506e+03
7.561754327003864518e-01 -8.370459216525146985e+03
7.581758968080594130e-01 -8.370499784968218592e+03
7.601763609157323742e-01 -8.367087608814834311e+03
7.621768250234053355e-01 -8.365172741543759912e+03
7.641772891310784077e-01 -8.368601887036871631e+03
7.661777532387513689e-01 -8.366969252999344462e+03
7.681782173464243302e-01 -8.369684482154987563e+03
7.701786814540972914e-01 -8.365500505880667333e+03
7.721791455617702526e-01 -8.378391850889125635e+03
7.741796096694432139e-01 -8.379070817982112203e+03
7.761800737771162861e-01 -8.334819700573418231e+03
7.781805378847892474e-01 -8.362565348284422726e+03
7.801810019924622086e-01 -8.341750004005474693e+03
7.821814661001351698e-01 -8.372673741073331257e+03
7.841819302078081311e-01 -8.370138272697327920e+03
7.861823943154810923e-01 -8.361644058608935666e+03
7.881828584231541646e-01 -8.363933414291263034e+03
7.901833225308271258e-01 -8.338494030032819865e+03
7.921837866385000870e-01 -8.352869684910254364e+03
7.941842507461730483e-01 -8.345854775075536963e+03
7.961847148538460095e-01 -8.355441448944211515e+03
7.981851789615189707e-01 -8.359382918474409962e+03
8.001856430691920430e-01 -8.347879184486913800e+03
8.021861071768650042e-01 -8.350938670649717096e+03
8.041865712845379655e-01 -8.337194834896081375e+03
8.061870353922109267e-01 -8.340704970363645771e+03
8.081874994998838879e-01 -8.341638916504854933e+03
8.101879636075568492e-01 -8.340679334278376700e+03
8.121884277152299214e-01 -8.345824183483346133e+03
8.141888918229028826e-01 -8.337390937951362503e+03
8.161893559305758439e-01 -8.336841574702937578e+03
8.181898200382488051e-01 -8.331747963345664175e+03
8.201902841459217663e-01 -8.328907022321262048e+03
8.221907482535947276e-01 -8.331981517527710821e+03
8.241912123612677998e-01 -8.328950953840325383e+03
8.261916764689407611e-01 -8.330904284363457919e+03
8.281921405766137223e-01 -8.327397706445903168e+03
8.301926046842866835e-01 -8.323780531695929312e+03
8.321930687919596448e-01 -8.322572992647117644e+03
8.341935328996326060e-01 -8.318819112711749767e+03
8.361939970073056783e-01 -8.321595377742505661e+03
8.381944611149786395e-01 -8.322021686087964554e+03
8.401949252226516007e-01 -8.323389922090114851e+03
8.421953893303245620e-01 -8.321084864727105014e+03
8.441958534379975232e-01 -8.317155199647449990e+03
8.461963175456704844e-01 -8.314957585479618501e+03
8.481967816533435567e-01 -8.312899900335922212e+03
8.501972457610165179e-01 -8.314373875119501463e+03
8.521977098686894792e-01 -8.313748411818936802e+03
8.541981739763624404e-01 -8.313769335985149155e+03
8.561986380840354016e-01 -8.310964798281827825e+03
8.581991021917083629e-01 -8.307497450168959404e+03
8.601995662993814351e-01 -8.306346196950787999e+03
8.622000304070543963e-01 -8.305041251709613789e+03
8.642004945147273576e-01 -8.306277649600322547e+03
8.662009586224003188e-01 -8.304739484552497743e+03
8.682014227300732800e-01 -8.303670817695348887e+03
8.702018868377462413e-01 -8.300761460348292530e+03
8.722023509454193135e-01 -8.299238081641686222e+03
8.742028150530922748e-01 -8.298051142465759767e+03
8.762032791607652360e-01 -8.297927672474619612e+03
8.782037432684381972e-01 -8.297918414500085419e+03
8.802042073761111585e-01 -8.296011507081526361e+03
8.822046714837842307e-01 -8.294663370794374714e+03
8.842051355914571920e-01 -8.292816870233486043e+03
8.862055996991301532e-01 -8.292209651207944262e+03
8.882060638068031144e-01 -8.291732852539300438e+03
8.902065279144760757e-01 -8.292750922565242945e+03
8.922069920221490369e-01 -8.290399728630904065e+03
8.942074561298221091e-01 -8.290749705019947214e+03
8.962079202374950704e-01 -8.282925738134890707e+03
8.982083843451680316e-01 -8.291451159320606166e+03
9.002088484528409928e-01 -8.290914329913301117e+03
9.022093125605139541e-01 -8.290807787210336755e+03
9.042097766681869153e-01 -8.291684284648777975e+03
9.062102407758599876e-01 -8.285182609904706624e+03
9.082107048835329488e-01 -8.285896341879841202e+03
9.102111689912059100e-01 -8.285614558986797419e+03
9.122116330988788713e-01 -8.289616947235901534e+03
9.142120972065518325e-01 -8.290328501133795726e+03
9.162125613142247937e-01 -8.289057275925451904e+03
9.182130254218978660e-01 -8.292497748335386859e+03
9.202134895295708272e-01 -8.288275174014414006e+03
9.222139536372437885e-01 -8.291544114377125879e+03
9.242144177449167497e-01 -8.289364175903185242e+03
9.262148818525897109e-01 -8.293583466304786270e+03
9.282153459602626722e-01 -8.293036622608124162e+03
9.302158100679357444e-01 -8.296055236968317331e+03
9.322162741756087057e-01 -8.294970078259688307e+03
9.342167382832816669e-01 -8.295962966398950812e+03
9.362172023909546281e-01 -8.297099734554598399e+03
9.382176664986275894e-01 -8.301659407594346703e+03
9.402181306063005506e-01 -8.300560735076198398e+03
9.422185947139736228e-01 -8.299673182816188273e+03
9.442190588216465841e-01 -8.302971299201924921e+03
9.462195229293195453e-01 -8.302267203904955750e+03
9.482199870369925065e-01 -8.307334198543325329e+03
9.502204511446654678e-01 -8.309358204692140134e+03
9.522209152523384290e-01 -8.311248771322758330e+03
9.542213793600115013e-01 -8.311134397231318871e+03
9.562218434676844625e-01 -8.311748253597857911e+03
9.582223075753574237e-01 -8.313772657092449663e+03
9.602227716830303850e-01 -8.316465682527294121e+03
9.622232357907033462e-01 -8.319821579209781703e+03
9.642236998983763074e-01 -8.321189206261649815e+03
9.662241640060493797e-01 -8.322756632231739786e+03
9.682246281137223409e-01 -8.323231870728235663e+03
9.702250922213953022e-01 -8.325656090620143004e+03
9.722255563290682634e-01 -8.327843649426646152e+03
9.742260204367412246e-01 -8.330860381092163152e+03
9.762264845444141859e-01 -8.332571259576952798e+03
9.782269486520872581e-01 -8.334208653249186682e+03
9.802274127597602194e-01 -8.335440056162093242e+03
9.822278768674331806e-01 -8.337368273193082132e+03
9.842283409751061418e-01 -8.339649488564265994e+03
9.862288050827791031e-01 -8.341817307003228052e+03
9.882292691904520643e-01 -8.342585246689985070e+03
9.902297332981251365e-01 -8.342647742419088900e+03
9.922301974057980978e-01 -8.343655423280539253e+03
9.942306615134710590e-01 -8.345932602531660450e+03
9.962311256211440202e-01 -8.348653933355884874e+03
9.982315897288169815e-01 -8.350491113142899849e+03
1.000232053836489943e+00 -8.351338684027479758e+03
1.002232517944162904e+00 -8.351824582626704796e+03
1.004232982051835865e+00 -8.353004109443105335e+03
1.006233446159508826e+00 -8.354838099858527130e+03
1.008233910267182010e+00 -8.356863213910770355e+03
1.010234374374854971e+00 -8.358236890737834983e+03
1.012234838482527932e+00 -8.359058009121397845e+03
1.014235302590200893e+00 -8.359658241306879063e+03
1.016235766697873855e+00 -8.360687570601796324e+03
1.018236230805546816e+00 -8.362045427354847561e+03
1.020236694913219777e+00 -8.363471085742217838e+03
1.022237159020892738e+00 -8.364482065912648977e+03
1.024237623128565700e+00 -8.365130317410130374e+03
1.026238087236238661e+00 -8.365642290067615249e+03
1.028238551343911622e+00 -8.366322938475870615e+03
1.030239015451584805e+00 -8.367211986356551279e+03
1.032239479559257767e+00 -8.368077889141311971e+03
1.034239943666930728e+00 -8.368739374911416235e+03
1.036240407774603689e+00 -8.369106749269665670e+03
1.038240871882276650e+00 -8.369374095748135005e+03
1.040241335989949611e+00 -8.369658843838275061e+03
1.042241800097622573e+00 -8.370023011914965537e+03
1.044242264205295534e+00 -8.370402518964585397e+03
1.046242728312968495e+00 -8.370635200356644418e+03
1.048243192420641456e+00 -8.370704781438660575e+03
1.050243656528314418e+00 -8.370698667401509738e+03
1.052244120635987379e+00 -8.370707411042971216e+03
1.054244584743660562e+00 -8.370705916923237965e+03
1.056245048851333523e+00 -8.370699878306053506e+03
1.058245512959006485e+00 -8.370696820651799499e+03
1.060245977066679446e+00 -8.370703302209838512e+03
1.062246441174352407e+00 -8.370299881799095601e+03
1.064246905282025368e+00 -8.365808097189201362e+03
1.066247369389698330e+00 -8.366988351319861977e+03
1.068247833497371291e+00 -8.367264549519855791e+03
1.070248297605044252e+00 -8.368665596858223580e+03
1.072248761712717213e+00 -8.367846669643098721e+03
1.074249225820390174e+00 -8.365408129895553429e+03
1.076249689928063136e+00 -8.364030428148151259e+03
1.078250154035736319e+00 -8.362111876738290448e+03
1.080250618143409280e+00 -8.362938289963618445e+03
1.082251082251082241e+00 -8.361835289802354964e+03
1.084251546358755203e+00 -8.361858325469260308e+03
1.086252010466428164e+00 -8.360758096098426904e+03
1.088252474574101125e+00 -8.357903963274413400e+03
1.090252938681774086e+00 -8.356724356135973721e+03
1.092253402789447048e+00 -8.354912656183580111e+03
1.094253866897120009e+00 -8.354794717594364556e+03
1.096254331004792970e+00 -8.354430665585736278e+03
1.098254795112465931e+00 -8.352432668118444781e+03
1.100255259220138893e+00 -8.350824436634022277e+03
1.102255723327812076e+00 -8.348623748256928593e+03
1.104256187435485037e+00 -8.347107116510534979e+03
1.106256651543157998e+00 -8.346061910363090647e+03
1.108257115650830960e+00 -8.344787626528193869e+03
1.110257579758503921e+00 -8.343751957082551598e+03
1.112258043866176882e+00 -8.341866746447423793e+03
1.114258507973849843e+00 -8.340083424946562445e+03
1.116258972081522804e+00 -8.338194178306599497e+03
1.118259436189195766e+00 -8.336446198709229066e+03
1.120259900296868727e+00 -8.335159458181533410e+03
1.122260364404541688e+00 -8.333648973167048098e+03
1.124260828512214649e+00 -8.332265309583135604e+03
1.126261292619887833e+00 -8.330553908466532448e+03
1.128261756727560794e+00 -8.328708781669192831e+03
1.130262220835233755e+00 -8.326998645964882598e+03
1.132262684942906716e+00 -8.325248324040039734e+03
1.134263149050579678e+00 -8.323799028366902348e+03
1.136263613158252639e+00 -8.322312082686048598e+03
1.138264077265925600e+00 -8.321331087188194942e+03
1.140264541373598561e+00 -8.321730920079944553e+03
1.142265005481271523e+00 -8.322135504730191315e+03
1.144265469588944484e+00 -8.321506309776261332e+03
1.146265933696617445e+00 -8.319205914022364595e+03
1.148266397804290406e+00 -8.316733687674917746e+03
1.150266861911963590e+00 -8.314747764410361924e+03
1.152267326019636551e+00 -8.314064868522318648e+03
1.154267790127309512e+00 -8.313837128296940136e+03
1.156268254234982473e+00 -8.313277834107782837e+03
1.158268718342655434e+00 -8.311819223863796651e+03
1.160269182450328396e+00 -8.309720468414137940e+03
1.162269646558001357e+00 -8.307804158685861694e+03
1.164270110665674318e+00 -8.306425197783057229e+03
1.166270574773347279e+00 -8.305715645858725111e+03
1.168271038881020241e+00 -8.304983827997710250e+03
1.170271502988693202e+00 -8.303917048241661178e+03
1.172271967096366385e+00 -8.302310192992505108e+03
1.174272431204039346e+00 -8.300626167959180748e+03
1.176272895311712308e+00 -8.299195053444933365e+03
1.178273359419385269e+00 -8.298218106561565946e+03
1.180273823527058230e+00 -8.297474120628170567e+03
1.182274287634731191e+00 -8.296638701059255254e+03
1.184274751742404153e+00 -8.295540291026230989e+03
1.186275215850077114e+00 -8.294285543579489968e+03
1.188275679957750075e+00 -8.293152897351028514e+03
1.190276144065423036e+00 -8.292303867762437221e+03
1.192276608173095998e+00 -8.291730484459991203e+03
1.194277072280768959e+00 -8.291226041604792044e+03
1.196277536388442142e+00 -8.290623555481073709e+03
1.198278000496115103e+00 -8.289937703060189961e+03
1.200278464603788064e+00 -8.289295802958306012e+03
1.202278928711461026e+00 -8.288865369115746944e+03
1.204279392819133987e+00 -8.288690901823363674e+03
1.206279856926806948e+00 -8.288713432606475180e+03
1.208280321034479909e+00 -8.288613154941813264e+03
1.210280785142152871e+00 -8.288658394137832147e+03
1.212281249249825832e+00 -8.288632605425558722e+03
1.214281713357498793e+00 -8.289714956796948172e+03
1.216282177465171754e+00 -8.292123603544319849e+03
1.218282641572844716e+00 -8.295561119227466406e+03
1.220283105680517899e+00 -8.296844111342905308e+03
1.222283569788190860e+00 -8.296303542461435427e+03
1.224284033895863821e+00 -8.295357271466604288e+03
1.226284498003536783e+00 -8.297150732420474014e+03
1.228284962111209744e+00 -8.299225110153813148e+03
1.230285426218882705e+00 -8.301670184182739831e+03
1.232285890326555666e+00 -8.303523102115963411e+03
1.234286354434228627e+00 -8.303716631653011063e+03
1.236286818541901589e+00 -8.304863579680066323e+03
1.238287282649574550e+00 -8.305497286529844132e+03
1.240287746757247511e+00 -8.308070030599450547e+03
1.242288210864920472e+00 -8.310098054700003559e+03
1.244288674972593656e+00 -8.312208960141875650e+03
1.246289139080266617e+00 -8.313398707641250439e+03
1.248289603187939578e+00 -8.314365903074949529e+03
1.250290067295612539e+00 -8.315906453804596822e+03
1.252290531403285501e+00 -8.317627018962102738e+03
1.254290995510958462e+00 -8.320018898527981946e+03
1.256291459618631423e+00 -8.321724610225801371e+03
1.258291923726304384e+00 -8.323456934237869064e+03
1.260292387833977346e+00 -8.324556350622406171e+03
1.262292851941650307e+00 -8.326143973540019942e+03
1.264293316049323268e+00 -8.327765072877986313e+03
1.266293780156996229e+00 -8.329761980077195403e+03
1.268294244264669413e+00 -8.331509307289599747e+03
1.270294708372342374e+00 -8.333041949591361117e+03
1.272295172480015335e+00 -8.334370931697521883e+03
1.274295636587688296e+00 -8.335684588838339550e+03
1.276296100695361257e+00 -8.337232943954428265e+03
1.278296564803034219e+00 -8.338779527425253036e+03
1.280297028910707180e+00 -8.339958399515111523e+03
1.282297493018380141e+00 -8.340140837154882320e+03
1.284297957126053102e+00 -8.340402632577783152e+03
1.286298421233726064e+00 -8.341502341606084883e+03
1.288298885341399025e+00 -8.343357496323071246e+03
1.290299349449071986e+00 -8.345003581431108614e+03
1.292299813556745169e+00 -8.345937412966693955e+03
1.294300277664418131e+00 -8.346199186645477312e+03
1.296300741772091092e+00 -8.346593559709395777e+03
1.298301205879764053e+00 -8.347436356641544990e+03
1.300301669987437014e+00 -8.348723463876556707e+03
1.302302134095109976e+00 -8.349794452849611844e+03
1.304302598202782937e+00 -8.350434679689873519e+03
1.306303062310455898e+00 -8.350643575285266706e+03
1.308303526418128859e+00 -8.350932626465299109e+03
1.310303990525801821e+00 -8.351458703317939580e+03
1.312304454633474782e+00 -8.352217285883007207e+03
1.314304918741147743e+00 -8.352839940586305602e+03
1.316305382848820926e+00 -8.353167782709620951e+03
1.318305846956493887e+00 -8.353248293829898103e+03
1.320306311064166849e+00 -8.353309979556484905e+03
1.322306775171839810e+00 -8.353486702783164219e+03
1.324307239279512771e+00 -8.353758783684166701e+03
1.326307703387185732e+00 -8.354010046018205685e+03
1.328308167494858694e+00 -8.354043973840112812e+03
1.330308631602531655e+00 -8.354073714826325158e+03
1.332309095710204616e+00 -8.353543695864729671e+03
1.334309559817877577e+00 -8.353551451626033668e+03
1.336310023925550539e+00 -8.353476697044436150e+03
1.338310488033223722e+00 -8.353376133366418799e+03
1.340310952140896683e+00 -8.353119540864718147e+03
1.342311416248569644e+00 -8.352577837208729761e+03
1.344311880356242606e+00 -8.352650152736916425e+03
1.346312344463915567e+00 -8.351777832076291816e+03
1.348312808571588528e+00 -8.350580511663030848e+03
1.350313272679261489e+00 -8.351520031382684465e+03
1.352313736786934451e+00 -8.351081848577601704e+03
1.354314200894607412e+00 -8.350489197916878766e+03
1.356314665002280373e+00 -8.349865033961903464e+03
1.358315129109953334e+00 -8.347871420025900079e+03
1.360315593217626295e+00 -8.348178869083036261e+03
1.362316057325299479e+00 -8.347023306727374802e+03
1.364316521432972440e+00 -8.347614575033361689e+03
1.366316985540645401e+00 -8.346356106907171124e+03
1.368317449648318362e+00 -8.345693860802915879e+03
1.370317913755991324e+00 -8.344386144926083944e+03
1.372318377863664285e+00 -8.343609344193559082e+03
1.374318841971337246e+00 -8.343308948465357389e+03
1.376319306079010207e+00 -8.342306450048121405e+03
1.378319770186683169e+00 -8.341939056500745210e+03
1.380320234294356130e+00 -8.340663038016218707e+03
1.382320698402029091e+00 -8.340090813656954197e+03
1.384321162509702052e+00 -8.338928024058543087e+03
1.386321626617375236e+00 -8.338324018698949658e+03
1.388322090725048197e+00 -8.337521327209076844e+03
1.390322554832721158e+00 -8.336749831022323633e+03
1.392323018940394119e+00 -8.336042594715429004e+03
1.394323483048067081e+00 -8.335019013468230696e+03
1.396323947155740042e+00 -8.334342737774188208e+03
1.398324411263413003e+00 -8.333375661242593196e+03
1.400324875371085964e+00 -8.332776122325394681e+03
1.402325339478758925e+00 -8.331985803125808161e+03
1.404325803586431887e+00 -8.331296804813542622e+03
1.406326267694104848e+00 -8.330575317072041798e+03
1.408326731801777809e+00 -8.329770266460838684e+03
1.410327195909450992e+00 -8.329141358155748094e+03
1.412327660017123954e+00 -8.328398242432198458e+03
1.414328124124796915e+00 -8.327863882628265856e+03
1.416328588232469876e+00 -8.327222837180863280e+03
1.418329052340142837e+00 -8.326687415683278232e+03
1.420329516447815799e+00 -8.326495044307344870e+03
1.422329980555488760e+00 -8.326458546194511655e+03
1.424330444663161721e+00 -8.326322554534002848e+03
1.426330908770834682e+00 -8.325707729877249221e+03
1.428331372878507644e+00 -8.325024991068174131e+03
1.430331836986180605e+00 -8.324377176877555030e+03
1.432332301093853566e+00 -8.324147017834244252e+03
1.434332765201526749e+00 -8.324066890679492644e+03
1.436333229309199710e+00 -8.324011404745555410e+03
1.438333693416872672e+00 -8.323720457063815047e+03
1.440334157524545633e+00 -8.323299862946274516e+03
1.442334621632218594e+00 -8.322919369762752467e+03
1.444335085739891555e+00 -8.322715811340953223e+03
1.446335549847564517e+00 -8.322722410266902443e+03
1.448336013955237478e+00 -8.322700742607899883e+03
1.450336478062910439e+00 -8.322743884483616057e+03
1.452336942170583400e+00 -8.322584463191062241e+03
1.454337406278256362e+00 -8.322385494261146960e+03
1.456337870385929323e+00 -8.322295933747553136e+03
1.458338334493602506e+00 -8.322609930489752514e+03
1.460338798601275467e+00 -8.322608407170933788e+03
1.462339262708948429e+00 -8.322773570109196953e+03
1.464339726816621390e+00 -8.322831417702371255e+03
1.466340190924294351e+00 -8.322917245724915119e+03
1.468340655031967312e+00 -8.323163737722446967e+03
1.470341119139640274e+00 -8.323110267084723091e+03
1.472341583247313235e+00 -8.323765409400213684e+03
1.474342047354986196e+00 -8.324055271490338782e+03
1.476342511462659157e+00 -8.324460689632667709e+03
1.478342975570332118e+00 -8.324473261021441431e+03
1.480343439678005302e+00 -8.324706164791807169e+03
1.482343903785678263e+00 -8.325206634966751153e+03
1.484344367893351224e+00 -8.325574013339548401e+03
1.486344832001024185e+00 -8.326320488894270966e+03
1.488345296108697147e+00 -8.326520022790569783e+03
1.490345760216370108e+00 -8.327075589023052089e+03
1.492346224324043069e+00 -8.327256296669198491e+03
1.494346688431716030e+00 -8.327857532699272269e+03
1.496347152539388992e+00 -8.328330740214347315e+03
1.498347616647061953e+00 -8.328951862260024427e+03
1.500348080754734914e+00 -8.329469126330137442e+03
1.502348544862407875e+00 -8.329891146002995811e+03
1.504349008970081059e+00 -8.330388292481715325e+03
1.506349473077754020e+00 -8.330802496366546620e+03
1.508349937185426981e+00 -8.331425086717188606e+03
1.510350401293099942e+00 -8.331905108129791188e+03
1.512350865400772904e+00 -8.332501674584214925e+03
1.514351329508445865e+00 -8.332910305136558236e+03
