0.000000000000000000e+00 -2.079377811162481885e+04
2.000464107672979882e-03 -2.079016726051604928e+04
4.000928215345959764e-03 -2.077595799890052149e+04
6.001392323018940080e-03 -2.075252709752771625e+04
8.001856430691919528e-03 -2.072236562843447973e+04
1.000232053836489984e-02 -2.068837725125177167e+04
1.200278464603788016e-02 -2.065337828263287156e+04
1.400324875371086047e-02 -2.061970162176181839e+04
1.600371286138383906e-02 -2.058900125850176846e+04
1.800417696905682111e-02 -2.056229196756737656e+04
2.000464107672979969e-02 -2.054017509416645044e+04
2.200510518440277827e-02 -2.052316911879349936e+04
2.400556929207576032e-02 -2.051205744765375857e+04
2.600603339974873890e-02 -2.050809725781865563e+04
2.800649750742172095e-02 -2.051303624289403160e+04
3.000696161509469953e-02 -2.052892787207564470e+04
3.200742572276767811e-02 -2.055775479544653717e+04
3.400788983044066016e-02 -2.060084476739964884e+04
3.600835393811364221e-02 -2.065929939855272823e+04
3.800881804578661732e-02 -2.073374158344083844e+04
4.000928215345959937e-02 -2.082358125882293098e+04
4.200974626113258142e-02 -2.092679784150916748e+04
4.401021036880555654e-02 -2.104009251511732873e+04
4.601067447647853859e-02 -2.115932600289380207e+04
4.801113858415152064e-02 -2.128012595442058591e+04
5.001160269182450269e-02 -2.139850616188538697e+04
5.201206679949747780e-02 -2.151134225342473655e+04
5.401253090717045985e-02 -2.161659351012067054e+04
5.601299501484344190e-02 -2.171323511720222450e+04
5.801345912251641701e-02 -2.180094881653461198e+04
6.001392323018939906e-02 -2.187968852887017783e+04
6.201438733786238111e-02 -2.194926948767467547e+04
6.401485144553535622e-02 -2.200911380213650773e+04
6.601531555320834521e-02 -2.205822839339097482e+04
6.801577966088132032e-02 -2.209541355025244411e+04
7.001624376855429543e-02 -2.211961739124026644e+04
7.201670787622728442e-02 -2.213025583809333693e+04
7.401717198390025954e-02 -2.212804833742964547e+04
7.601763609157323465e-02 -2.211482853201739999e+04
7.801810019924622364e-02 -2.209332007522180356e+04
8.001856430691919875e-02 -2.206678159955737647e+04
8.201902841459217386e-02 -2.203852285284571553e+04
8.401949252226516285e-02 -2.201143025218601178e+04
8.601995662993813796e-02 -2.198762963193687756e+04
8.802042073761111307e-02 -2.196836075685860851e+04
9.002088484528410206e-02 -2.195413950019021649e+04
9.202134895295707717e-02 -2.194538569515882409e+04
9.402181306063006616e-02 -2.194282331739700385e+04
9.602227716830304127e-02 -2.194748589247172640e+04
9.802274127597601638e-02 -2.196024638345011772e+04
1.000232053836490054e-01 -2.198088696915512992e+04
1.020236694913219805e-01 -2.200864318244284368e+04
1.040241335989949556e-01 -2.204572735271292186e+04
1.060245977066679446e-01 -2.209299336033374129e+04
1.080250618143409197e-01 -2.214967644277153522e+04
1.100255259220138948e-01 -2.221373479974809379e+04
1.120259900296868838e-01 -2.228214461572364235e+04
1.140264541373598589e-01 -2.235152573232461509e+04
1.160269182450328340e-01 -2.241890389501478057e+04
1.180273823527058230e-01 -2.248237924227509939e+04
1.200278464603787981e-01 -2.254145795330897818e+04
1.220283105680517732e-01 -2.259695725484469585e+04
1.240287746757247622e-01 -2.265052325063934768e+04
1.260292387833977512e-01 -2.270405862946968045e+04
1.280297028910707124e-01 -2.275905974123217675e+04
1.300301669987437014e-01 -2.281613558011885107e+04
1.320306311064166904e-01 -2.287498584380069224e+04
1.340310952140896517e-01 -2.293472818023928994e+04
1.360315593217626406e-01 -2.299444291405781405e+04
1.380320234294356296e-01 -2.305374241131698000e+04
1.400324875371085909e-01 -2.311317675975436941e+04
1.420329516447815799e-01 -2.317433624662271905e+04
1.440334157524545688e-01 -2.323961245851762578e+04
1.460338798601275301e-01 -2.331168863788224189e+04
1.480343439678005191e-01 -2.339294640021061423e+04
1.500348080754735081e-01 -2.348496254814862914e+04
1.520352721831464693e-01 -2.358824072644379703e+04
1.540357362908194583e-01 -2.370224279287696845e+04
1.560362003984924473e-01 -2.382567350285887005e+04
1.580366645061654085e-01 -2.395694712441647789e+04
1.600371286138383975e-01 -2.409454636978726558e+04
1.620375927215113865e-01 -2.423754887179396610e+04
1.640380568291843477e-01 -2.438563882859386285e+04
1.660385209368573367e-01 -2.453826429246362386e+04
1.680389850445303257e-01 -2.469505447511068633e+04
1.700394491522032869e-01 -2.485563452156312269e+04
1.720399132598762759e-01 -2.501941511843229819e+04
1.740403773675492649e-01 -2.518540426951192057e+04
1.760408414752222261e-01 -2.535198311993519019e+04
1.780413055828952151e-01 -2.552447315867918951e+04
1.800417696905682041e-01 -2.569727028002753650e+04
1.820422337982411654e-01 -2.586707919018880784e+04
1.840426979059141543e-01 -2.603224409630773880e+04
1.860431620135871433e-01 -2.619214546314318068e+04
1.880436261212601323e-01 -2.634698577615665999e+04
1.900440902289330936e-01 -2.649745949785423363e+04
1.920445543366060825e-01 -2.664433922438449372e+04
1.940450184442790715e-01 -2.678800966020421038e+04
1.960454825519520328e-01 -2.692815708184264440e+04
1.980459466596250218e-01 -2.706395831734901731e+04
2.000464107672980107e-01 -2.719430709800133991e+04
2.020468748749709720e-01 -2.731797517755219451e+04
2.040473389826439610e-01 -2.743392181615632944e+04
2.060478030903169500e-01 -2.754161813287671612e+04
2.080482671979899112e-01 -2.764125432003439346e+04
2.100487313056629002e-01 -2.773376387886558223e+04
2.120491954133358892e-01 -2.782065030567071517e+04
2.140496595210088504e-01 -2.790366212125466700e+04
2.160501236286818394e-01 -2.798445172035600990e+04
2.180505877363548284e-01 -2.806402167451430432e+04
2.200510518440277896e-01 -2.814232987879278517e+04
2.220515159517007786e-01 -2.821828038922841370e+04
2.240519800593737676e-01 -2.829001435447853146e+04
2.260524441670467288e-01 -2.835552215684526163e+04
2.280529082747197178e-01 -2.841283274569310015e+04
2.300533723823927068e-01 -2.846022275747782260e+04
2.320538364900656680e-01 -2.849653510724012449e+04
2.340543005977386570e-01 -2.852137902937728359e+04
2.360547647054116460e-01 -2.853509900500495860e+04
2.380552288130846073e-01 -2.853857510340880253e+04
2.400556929207575962e-01 -2.853709367149363970e+04
2.420561570284305852e-01 -2.853211889217180578e+04
2.440566211361035465e-01 -2.852244440515477618e+04
2.460570852437765355e-01 -2.850585750903885491e+04
2.480575493514495244e-01 -2.847944921333931779e+04
2.500580134591224857e-01 -2.844008779132707423e+04
2.520584775667955024e-01 -2.838493397381177783e+04
2.540589416744684637e-01 -2.831186703559065791e+04
2.560594057821414249e-01 -2.821971802579653013e+04
2.580598698898144416e-01 -2.810826548356551575e+04
2.600603339974874029e-01 -2.797801765100701596e+04
2.620607981051603641e-01 -2.782987475475925748e+04
2.640612622128333808e-01 -2.766455405253931895e+04
2.660617263205063421e-01 -2.748229331274925789e+04
2.680621904281793033e-01 -2.728274612260815775e+04
2.700626545358523201e-01 -2.706514260254017790e+04
2.720631186435252813e-01 -2.682871963993495956e+04
2.740635827511982425e-01 -2.657326149635769980e+04
2.760640468588712593e-01 -2.629958449350493902e+04
2.780645109665442205e-01 -2.600985439959969517e+04
2.800649750742171817e-01 -2.570762827344633115e+04
2.820654391818901985e-01 -2.539761921499198434e+04
2.840659032895631597e-01 -2.508515688789486740e+04
2.860663673972361210e-01 -2.477547036858696083e+04
2.880668315049091377e-01 -2.447302841613753844e+04
2.900672956125820989e-01 -2.418109065224817459e+04
2.920677597202550602e-01 -2.390161906429478040e+04
2.940682238279280769e-01 -2.363556096977082780e+04
2.960686879356010381e-01 -2.338345581669624880e+04
2.980691520432739994e-01 -2.314591257602285623e+04
3.000696161509470161e-01 -2.292372862508034086e+04
3.020700802586199774e-01 -2.271807753666854114e+04
3.040705443662929386e-01 -2.253112900306395022e+04
3.060710084739659553e-01 -2.237529258953127282e+04
3.080714725816389166e-01 -2.225372583103788929e+04
3.100719366893118778e-01 -2.216354430177421818e+04
3.120724007969848945e-01 -2.209966297719182330e+04
3.140728649046578558e-01 -2.205547866247386264e+04
3.160733290123308170e-01 -2.202385118795540620e+04
3.180737931200038338e-01 -2.201324015068739754e+04
3.200742572276767950e-01 -2.210450458878014251e+04
3.220747213353497562e-01 -2.219277812212843855e+04
3.240751854430227730e-01 -2.228529620796076051e+04
3.260756495506957342e-01 -2.238703642731749278e+04
3.280761136583686954e-01 -2.249811621250653116e+04
3.300765777660417122e-01 -2.261325564638402284e+04
3.320770418737146734e-01 -2.272338737316462721e+04
3.340775059813876346e-01 -2.281852153641257974e+04
3.360779700890606514e-01 -2.289083522115558299e+04
3.380784341967336126e-01 -2.293712856147444472e+04
3.400788983044065739e-01 -2.295996664684081043e+04
3.420793624120795906e-01 -2.296671770799605656e+04
3.440798265197525518e-01 -2.296190390852570999e+04
3.460802906274255131e-01 -2.294829587462427662e+04
3.480807547350985298e-01 -2.293987316520532113e+04
3.500812188427714911e-01 -2.294128530972175940e+04
3.520816829504444523e-01 -2.294984169118346836e+04
3.540821470581174690e-01 -2.295933519679705205e+04
3.560826111657904303e-01 -2.296392413867701907e+04
3.580830752734633915e-01 -2.295980586299261995e+04
3.600835393811364082e-01 -2.294923300093321814e+04
3.620840034888093695e-01 -2.293660000927014698e+04
3.640844675964823307e-01 -2.292796631047663686e+04
3.660849317041553475e-01 -2.292938247089578363e+04
3.680853958118283087e-01 -2.293726717835677482e+04
3.700858599195013254e-01 -2.293502377371195689e+04
3.720863240271742867e-01 -2.292962529491867099e+04
3.740867881348472479e-01 -2.292979675318298905e+04
3.760872522425202646e-01 -2.285841889291797997e+04
3.780877163501932259e-01 -2.275046940756080949e+04
3.800881804578661871e-01 -2.268623767051715913e+04
3.820886445655392039e-01 -2.272696326277746266e+04
3.840891086732121651e-01 -2.291002983557611151e+04
3.860895727808851263e-01 -2.324643745681889413e+04
3.880900368885581431e-01 -2.365565847698792641e+04
3.900905009962311043e-01 -2.403148162811288421e+04
3.920909651039040655e-01 -2.428358092060402123e+04
3.940914292115770823e-01 -2.438062385575274311e+04
3.960918933192500435e-01 -2.432162583198624634e+04
3.980923574269230047e-01 -2.415215597599272223e+04
4.000928215345960215e-01 -2.395183491971501644e+04
4.020932856422689827e-01 -2.380812440463783787e+04
4.040937497499419440e-01 -2.378633704759738248e+04
4.060942138576149607e-01 -2.390680966986895146e+04
4.080946779652879219e-01 -2.413965886320656864e+04
4.100951420729608832e-01 -2.441702566994593508e+04
4.120956061806338999e-01 -2.465853153600195947e+04
4.140960702883068612e-01 -2.479938700150822478e+04
4.160965343959798224e-01 -2.481051810720023059e+04
4.180969985036528391e-01 -2.470823713536216383e+04
4.200974626113258004e-01 -2.455001238525680310e+04
4.220979267189987616e-01 -2.441697955863282186e+04
4.240983908266717783e-01 -2.438848654417051148e+04
4.260988549343447396e-01 -2.451670534340559971e+04
4.280993190420177008e-01 -2.481188279778604556e+04
4.300997831496907176e-01 -2.523889688533407752e+04
4.321002472573636788e-01 -2.572875982132211357e+04
4.341007113650366400e-01 -2.620211696534610746e+04
4.361011754727096568e-01 -2.659375136914627365e+04
4.381016395803826180e-01 -2.686976272581895319e+04
4.401021036880555792e-01 -2.703386871972266090e+04
4.421025677957285960e-01 -2.712481733376712509e+04
4.441030319034015572e-01 -2.720431369652903595e+04
4.461034960110745184e-01 -2.733773151672700624e+04
4.481039601187475352e-01 -2.757412588366260752e+04
4.501044242264204964e-01 -2.793363494868667476e+04
4.521048883340934577e-01 -2.839614355556774899e+04
4.541053524417664744e-01 -2.891095113191856217e+04
4.561058165494394356e-01 -2.941258690950243908e+04
4.581062806571123969e-01 -2.983819686128989633e+04
4.601067447647854136e-01 -3.014311600837227161e+04
4.621072088724583748e-01 -3.030339185679872026e+04
4.641076729801313361e-01 -3.033184551407472463e+04
4.661081370878043528e-01 -3.027427571898720635e+04
4.681086011954773141e-01 -3.019699424589252158e+04
4.701090653031502753e-01 -3.016786169700432583e+04
4.721095294108232920e-01 -3.023803007586986496e+04
4.741099935184962533e-01 -3.043030620851626372e+04
4.761104576261692145e-01 -3.074084312118122762e+04
4.781109217338422313e-01 -3.114183850680718024e+04
4.801113858415151925e-01 -3.157290862995710995e+04
4.821118499491881537e-01 -3.196516530636604875e+04
4.841123140568611705e-01 -3.226001390214039566e+04
4.861127781645341317e-01 -3.242839436335633218e+04
4.881132422722070929e-01 -3.246516783805807790e+04
4.901137063798801097e-01 -3.239755687017996024e+04
4.921141704875530709e-01 -3.227753115590947709e+04
4.941146345952260321e-01 -3.216825313430397728e+04
4.961150987028990489e-01 -3.212950761255209000e+04
4.981155628105720101e-01 -3.220593726205656640e+04
5.001160269182449714e-01 -3.241625186118092461e+04
5.021164910259179326e-01 -3.274803798096996979e+04
5.041169551335910048e-01 -3.316270409856461629e+04
5.061174192412639661e-01 -3.360492896919678606e+04
5.081178833489369273e-01 -3.401419185610944987e+04
5.101183474566098885e-01 -3.433692847856871958e+04
5.121188115642828498e-01 -3.453770003445396287e+04
5.141192756719558110e-01 -3.460557834076157451e+04
5.161197397796288833e-01 -3.455709852973219677e+04
5.181202038873018445e-01 -3.443429812899076205e+04
5.201206679949748057e-01 -3.429326575592739391e+04
5.221211321026477670e-01 -3.419048079025805055e+04
5.241215962103207282e-01 -3.416980826861438982e+04
5.261220603179936894e-01 -3.425118461229219247e+04
5.281225244256667617e-01 -3.440940899250248185e+04
5.301229885333397229e-01 -3.460635228932178870e+04
5.321234526410126842e-01 -3.480118286747117963e+04
5.341239167486856454e-01 -3.495381730565644830e+04
5.361243808563586066e-01 -3.502037525559737696e+04
5.381248449640315679e-01 -3.497453189969087543e+04
5.401253090717046401e-01 -3.481496669683052460e+04
5.421257731793776014e-01 -3.456572155412354914e+04
5.441262372870505626e-01 -3.427024778131808125e+04
5.461267013947235238e-01 -3.398188646018556028e+04
5.481271655023964851e-01 -3.375003648835069180e+04
5.501276296100694463e-01 -3.360442132871948706e+04
5.521280937177425185e-01 -3.354896600307088374e+04
5.541285578254154798e-01 -3.355528177617373876e+04
5.561290219330884410e-01 -3.357427348858048208e+04
5.581294860407614022e-01 -3.354811482175383571e+04
5.601299501484343635e-01 -3.342554402851547638e+04
5.621304142561073247e-01 -3.317536996535573417e+04
5.641308783637803970e-01 -3.279514341044574394e+04
5.661313424714533582e-01 -3.231270571714517064e+04
5.681318065791263194e-01 -3.178049931498474325e+04
5.701322706867992807e-01 -3.126304900305072078e+04
5.721327347944722419e-01 -3.082059742265821114e+04
5.741331989021452031e-01 -3.049314395665159100e+04
5.761336630098182754e-01 -3.028816752712348170e+04
5.781341271174912366e-01 -3.017799688380040607e+04
5.801345912251641979e-01 -3.010815369293861295e+04
5.821350553328371591e-01 -3.001322696574491420e+04
5.841355194405101203e-01 -2.983574763093277215e+04
5.861359835481831926e-01 -2.954150800488945242e+04
5.881364476558561538e-01 -2.912850760268267186e+04
5.901369117635291150e-01 -2.862848689960260162e+04
5.921373758712020763e-01 -2.809999698358622845e+04
5.941378399788750375e-01 -2.761324531764645872e+04
5.961383040865479988e-01 -2.722997350776118037e+04
5.981387681942210710e-01 -2.698552445105283186e+04
6.001392323018940322e-01 -2.688067086383709830e+04
6.021396964095669935e-01 -2.688064477557293867e+04
6.041401605172399547e-01 -2.692521161145516453e+04
6.061406246249129159e-01 -2.694649996118605122e+04
6.081410887325858772e-01 -2.688755251990068064e+04
6.101415528402589494e-01 -2.671739752516369845e+04
6.121420169479319107e-01 -2.644116565420141706e+04
6.141424810556048719e-01 -2.609678396833116130e+04
6.161429451632778331e-01 -2.574579399920849028e+04
6.181434092709507944e-01 -2.544958626819880374e+04
6.201438733786237556e-01 -2.525928046119966166e+04
6.221443374862968279e-01 -2.520868642931072827e+04
6.241448015939697891e-01 -2.526861110130418092e+04
6.261452657016427503e-01 -2.537206648647421389e+04
6.281457298093157116e-01 -2.543507563164391468e+04
6.301461939169886728e-01 -2.538586304672798724e+04
6.321466580246616340e-01 -2.518812316271563759e+04
6.341471221323347063e-01 -2.485012368154051364e+04
6.361475862400076675e-01 -2.442321520502838030e+04
6.381480503476806287e-01 -2.398801267657144490e+04
6.401485144553535900e-01 -2.362983290913804376e+04
6.421489785630265512e-01 -2.341250884998848414e+04
6.441494426706995124e-01 -2.335728470941802516e+04
6.461499067783725847e-01 -2.343529600940889941e+04
6.481503708860455459e-01 -2.357959372543509016e+04
6.501508349937185072e-01 -2.370670568134981295e+04
6.521512991013914684e-01 -2.374434809949340706e+04
6.541517632090644296e-01 -2.365482902705649394e+04
6.561522273167373909e-01 -2.344541785792834708e+04
6.581526914244104631e-01 -2.316575694423293317e+04
6.601531555320834244e-01 -2.289410502350621027e+04
6.621536196397563856e-01 -2.271273159527633106e+04
6.641540837474293468e-01 -2.268038320886111615e+04
6.661545478551023081e-01 -2.281294634695238710e+04
6.681550119627752693e-01 -2.307830670670757900e+04
6.701554760704483416e-01 -2.340420822723046876e+04
6.721559401781213028e-01 -2.370068824842136382e+04
6.741564042857942640e-01 -2.389323058763427252e+04
6.761568683934672253e-01 -2.394353527225874495e+04
6.781573325011401865e-01 -2.383556004592627141e+04
6.801577966088131477e-01 -2.364334154512729583e+04
6.821582607164862200e-01 -2.345049918962254378e+04
6.841587248241591812e-01 -2.332977265221558991e+04
6.861591889318321424e-01 -2.332583179210291200e+04
6.881596530395051037e-01 -2.344131081416057714e+04
6.901601171471780649e-01 -2.363255832968108371e+04
6.921605812548510261e-01 -2.382798630570954992e+04
6.941610453625240984e-01 -2.395458934305297953e+04
6.961615094701970596e-01 -2.396475501086895383e+04
6.981619735778700209e-01 -2.385270906135996483e+04
7.001624376855429821e-01 -2.365663866016133397e+04
7.021629017932159433e-01 -2.344645441705793928e+04
7.041633659008889046e-01 -2.330042077342308767e+04
7.061638300085619768e-01 -2.327805401336431169e+04
7.081642941162349381e-01 -2.339941355190133618e+04
7.101647582239078993e-01 -2.363969067315217035e+04
7.121652223315808605e-01 -2.394008019252687154e+04
7.141656864392538218e-01 -2.422998213570014923e+04
7.161661505469267830e-01 -2.445334539937298177e+04
7.181666146545998552e-01 -2.458476379470629399e+04
7.201670787622728165e-01 -2.463647584508508589e+04
7.221675428699457777e-01 -2.465355253231138340e+04
7.241680069776187390e-01 -2.469810355737413920e+04
7.261684710852917002e-01 -2.482766236216290417e+04
7.281689351929646614e-01 -2.507492259905344690e+04
7.301693993006377337e-01 -2.543537279684913301e+04
7.321698634083106949e-01 -2.587011571001235643e+04
7.341703275159836561e-01 -2.631939280978083843e+04
7.361707916236566174e-01 -2.672173274765651149e+04
7.381712557313295786e-01 -2.703159152383722176e+04
7.401717198390026509e-01 -2.723035043906584906e+04
7.421721839466756121e-01 -2.733127798842946504e+04
7.441726480543485733e-01 -2.737510190574160879e+04
7.461731121620215346e-01 -2.741717507517229387e+04
7.481735762696944958e-01 -2.751057889610168058e+04
7.501740403773674570e-01 -2.769021281743670988e+04
7.521745044850405293e-01 -2.796262113170630982e+04
7.541749685927134905e-01 -2.830775621363332175e+04
7.561754327003864518e-01 -2.868461837980567725e+04
7.581758968080594130e-01 -2.904205796843133066e+04
7.601763609157323742e-01 -2.933381761207438831e+04
7.621768250234053355e-01 -2.952845232647811281e+04
7.641772891310784077e-01 -2.961909002780914307e+04
7.661777532387513689e-01 -2.962769783809347791e+04
7.681782173464243302e-01 -2.959752122266285005e+04
7.701786814540972914e-01 -2.958159004792942869e+04
7.721791455617702526e-01 -2.963057978317128072e+04
7.741796096694432139e-01 -2.978122984397649998e+04
7.761800737771162861e-01 -3.004661404954318641e+04
7.781805378847892474e-01 -3.041543233914099255e+04
7.801810019924622086e-01 -3.085224694408132927e+04
7.821814661001351698e-01 -3.130612577833183968e+04
7.841819302078081311e-01 -3.172421948865133163e+04
7.861823943154810923e-01 -3.206584282593246462e+04
7.881828584231541646e-01 -3.230988174456965498e+04
7.901833225308271258e-01 -3.245738171635441540e+04
7.921837866385000870e-01 -3.253133614485177532e+04
7.941842507461730483e-01 -3.256948095146480773e+04
7.961847148538460095e-01 -3.261511457976969541e+04
7.981851789615189707e-01 -3.270808512101068845e+04
8.001856430691920430e-01 -3.287558287216535973e+04
8.021861071768650042e-01 -3.312517164971947204e+04
8.041865712845379655e-01 -3.344431913527028519e+04
8.061870353922109267e-01 -3.380401460564538866e+04
8.081874994998838879e-01 -3.416488702099963848e+04
8.101879636075568492e-01 -3.448538957756833406e+04
8.121884277152299214e-01 -3.472995532085923332e+04
8.141888918229028826e-01 -3.487568511173030856e+04
8.161893559305758439e-01 -3.491592090404724877e+04
8.181898200382488051e-01 -3.486376311213634472e+04
8.201902841459217663e-01 -3.474856332309178833e+04
8.221907482535947276e-01 -3.460823207472611830e+04
8.241912123612677998e-01 -3.448085523255282897e+04
8.261916764689407611e-01 -3.439787680015055957e+04
8.281921405766137223e-01 -3.437776252839480003e+04
8.301926046842866835e-01 -3.442127465991937788e+04
8.321930687919596448e-01 -3.450737365523818153e+04
8.341935328996326060e-01 -3.459791056457940431e+04
8.361939970073056783e-01 -3.466701138696313137e+04
8.381944611149786395e-01 -3.468809037377349159e+04
8.401949252226516007e-01 -3.464103328539802169e+04
8.421953893303245620e-01 -3.452226851304508455e+04
8.441958534379975232e-01 -3.434592747243712074e+04
8.461963175456704844e-01 -3.414010951705548359e+04
8.481967816533435567e-01 -3.393963626681421738e+04
8.501972457610165179e-01 -3.377701832764744177e+04
8.521977098686894792e-01 -3.367249625638482394e+04
8.541981739763624404e-01 -3.362846509320185578e+04
8.561986380840354016e-01 -3.362852374490006332e+04
8.581991021917083629e-01 -3.364070875562605215e+04
8.601995662993814351e-01 -3.362594973760917492e+04
8.622000304070543963e-01 -3.354836130835562653e+04
8.642004945147273576e-01 -3.338438283797265467e+04
8.662009586224003188e-01 -3.312915392729116138e+04
8.682014227300732800e-01 -3.279731345558907924e+04
8.702018868377462413e-01 -3.241913149018692638e+04
8.722023509454193135e-01 -3.203316680137960429e+04
8.742028150530922748e-01 -3.167581938322363567e+04
8.762032791607652360e-01 -3.137093721831896619e+04
8.782037432684381972e-01 -3.112251053760067225e+04
8.802042073761111585e-01 -3.091341806408904085e+04
8.822046714837842307e-01 -3.071105327074912930e+04
8.842051355914571920e-01 -3.047712146291402314e+04
8.862055996991301532e-01 -3.017895640030468348e+04
8.882060638068031144e-01 -2.979927991236990056e+04
8.902065279144760757e-01 -2.934189868951237804e+04
8.922069920221490369e-01 -2.883206401155278218e+04
8.942074561298221091e-01 -2.831156286350006121e+04
8.962079202374950704e-01 -2.782850658556508279e+04
8.982083843451680316e-01 -2.742405970765041639e+04
9.002088484528409928e-01 -2.712164218136448108e+04
9.022093125605139541e-01 -2.692053802959658060e+04
9.042097766681869153e-01 -2.679597130811705938e+04
9.062102407758599876e-01 -2.670778500416428506e+04
9.082107048835329488e-01 -2.661231022946026860e+04
9.102111689912059100e-01 -2.647483349558087502e+04
9.122116330988788713e-01 -2.628590364865412630e+04
9.142120972065518325e-01 -2.605774875353466996e+04
9.162125613142247937e-01 -2.581811885531027656e+04
9.182130254218978660e-01 -2.560650900455468218e+04
9.202134895295708272e-01 -2.546186710548133851e+04
9.222139536372437885e-01 -2.540831317691867298e+04
9.242144177449167497e-01 -2.544520206932563451e+04
9.262148818525897109e-01 -2.554478713592817439e+04
9.282153459602626722e-01 -2.565848421997760306e+04
9.302158100679357444e-01 -2.573008412210666938e+04
9.322162741756087057e-01 -2.571200173012887899e+04
9.342167382832816669e-01 -2.557881821466725887e+04
9.362172023909546281e-01 -2.533697256460849530e+04
9.382176664986275894e-01 -2.502163844347093982e+04
9.402181306063005506e-01 -2.468667394420965138e+04
9.422185947139736228e-01 -2.438852679788776732e+04
9.442190588216465841e-01 -2.418477133058314939e+04
9.462195229293195453e-01 -2.410080239896849525e+04
9.482199870369925065e-01 -2.411791549171349470e+04
9.502204511446654678e-01 -2.419033915051777149e+04
9.522209152523384290e-01 -2.425945471851673574e+04
9.542213793600115013e-01 -2.427157748689844448e+04
9.562218434676844625e-01 -2.419382891933049177e+04
9.582223075753574237e-01 -2.402209804677033389e+04
9.602227716830303850e-01 -2.378203586436995829e+04
9.622232357907033462e-01 -2.351872487754502799e+04
9.642236998983763074e-01 -2.328399984582089746e+04
9.662241640060493797e-01 -2.312084802459765342e+04
9.682246281137223409e-01 -2.305273943739080278e+04
9.702250922213953022e-01 -2.309326250106373845e+04
9.722255563290682634e-01 -2.321097091070648094e+04
9.742260204367412246e-01 -2.334984473901071033e+04
9.762264845444141859e-01 -2.345521578129726186e+04
9.782269486520872581e-01 -2.349327032386185601e+04
9.802274127597602194e-01 -2.346279270379783702e+04
9.822278768674331806e-01 -2.339215681363718613e+04
9.842283409751061418e-01 -2.333317180316841041e+04
9.862288050827791031e-01 -2.334167471111672421e+04
9.882292691904520643e-01 -2.345068469661923154e+04
9.902297332981251365e-01 -2.366121451391905430e+04
9.922301974057980978e-01 -2.393721615457764710e+04
9.942306615134710590e-01 -2.421622524640582560e+04
9.962311256211440202e-01 -2.443026315269710904e+04
9.982315897288169815e-01 -2.453973097338470689e+04
1.000232053836489943e+00 -2.452967792087300404e+04
1.002232517944162904e+00 -2.442223083273546217e+04
1.004232982051835865e+00 -2.427069922264438355e+04
1.006233446159508826e+00 -2.414188176782330629e+04
1.008233910267182010e+00 -2.409317668256926845e+04
1.010234374374854971e+00 -2.415272204780493485e+04
1.012234838482527932e+00 -2.430985776857312885e+04
1.014235302590200893e+00 -2.452211617227967508e+04
1.016235766697873855e+00 -2.473090951167580715e+04
1.018236230805546816e+00 -2.488304189267101538e+04
1.020236694913219777e+00 -2.494741082496199306e+04
1.022237159020892738e+00 -2.492581023558593006e+04
1.024237623128565700e+00 -2.485411978257162264e+04
1.026238087236238661e+00 -2.479058336399818654e+04
1.028238551343911622e+00 -2.479743292193935849e+04
1.030239015451584805e+00 -2.492112042279920206e+04
1.032239479559257767e+00 -2.517777344575006646e+04
1.034239943666930728e+00 -2.554876454791599099e+04
1.036240407774603689e+00 -2.598763289633759996e+04
1.038240871882276650e+00 -2.643484038908508228e+04
1.040241335989949611e+00 -2.683512726599667076e+04
1.042241800097622573e+00 -2.715156264625965559e+04
1.044242264205295534e+00 -2.737526121349087771e+04
1.046242728312968495e+00 -2.752781403521598259e+04
1.048243192420641456e+00 -2.764807874307746897e+04
1.050243656528314418e+00 -2.778119222908788652e+04
1.052244120635987379e+00 -2.796505172192797181e+04
1.054244584743660562e+00 -2.821890654578761678e+04
1.056245048851333523e+00 -2.854002587792602208e+04
1.058245512959006485e+00 -2.890634784556680097e+04
1.060245977066679446e+00 -2.928305839043197921e+04
1.062246441174352407e+00 -2.963269684908754425e+04
1.064246905282025368e+00 -2.992553960989487314e+04
1.066247369389698330e+00 -3.014647620187278517e+04
1.068247833497371291e+00 -3.029792264033443644e+04
1.070248297605044252e+00 -3.039902032387614599e+04
1.072248761712717213e+00 -3.048002239398554957e+04
1.074249225820390174e+00 -3.057389065040374044e+04
1.076249689928063136e+00 -3.070709997840223514e+04
1.078250154035736319e+00 -3.089235452765703667e+04
1.080250618143409280e+00 -3.112472199985241969e+04
1.082251082251082241e+00 -3.137829247361170928e+04
1.084251546358755203e+00 -3.160679455951490672e+04
1.086252010466428164e+00 -3.178039665287833486e+04
1.088252474574101125e+00 -3.189162389480446654e+04
1.090252938681774086e+00 -3.195116386850819617e+04
1.092253402789447048e+00 -3.198464166812577241e+04
1.094253866897120009e+00 -3.202662548401859021e+04
1.096254331004792970e+00 -3.211264044599381305e+04
1.098254795112465931e+00 -3.227088254255562424e+04
1.100255259220138893e+00 -3.251427884242225264e+04
1.102255723327812076e+00 -3.283543009926423110e+04
1.104256187435485037e+00 -3.321135709652923106e+04
1.106256651543157998e+00 -3.360726292548994388e+04
1.108257115650830960e+00 -3.398328717358288122e+04
1.110257579758503921e+00 -3.430263066295994213e+04
1.112258043866176882e+00 -3.453920215385470510e+04
1.114258507973849843e+00 -3.468161136212921701e+04
1.116258972081522804e+00 -3.473443559104134329e+04
1.118259436189195766e+00 -3.472130576846109034e+04
1.120259900296868727e+00 -3.467577843090774695e+04
1.122260364404541688e+00 -3.463395382280321792e+04
1.124260828512214649e+00 -3.462661872893596592e+04
1.126261292619887833e+00 -3.467230437390963198e+04
1.128261756727560794e+00 -3.477536098958880029e+04
1.130262220835233755e+00 -3.492375214791196049e+04
1.132262684942906716e+00 -3.508086936744783452e+04
1.134263149050579678e+00 -3.520696776878274250e+04
1.136263613158252639e+00 -3.526947730324688018e+04
1.138264077265925600e+00 -3.524953184347041679e+04
1.140264541373598561e+00 -3.514993853871792089e+04
1.142265005481271523e+00 -3.495972978814953967e+04
1.144265469588944484e+00 -3.471113138449128746e+04
1.146265933696617445e+00 -3.444783710273208271e+04
1.148266397804290406e+00 -3.421067584427398106e+04
1.150266861911963590e+00 -3.402657125561911380e+04
1.152267326019636551e+00 -3.390171446652230225e+04
1.154267790127309512e+00 -3.383617954977694899e+04
1.156268254234982473e+00 -3.381180196644063108e+04
1.158268718342655434e+00 -3.379693943626299006e+04
1.160269182450328396e+00 -3.375499256044314825e+04
1.162269646558001357e+00 -3.365405963657724351e+04
1.164270110665674318e+00 -3.347522544390612893e+04
1.166270574773347279e+00 -3.321740260673090961e+04
1.168271038881020241e+00 -3.289754657138853509e+04
1.170271502988693202e+00 -3.254682002925467168e+04
1.172271967096366385e+00 -3.220244558790009614e+04
1.174272431204039346e+00 -3.189733452393855259e+04
1.176272895311712308e+00 -3.164623324872067315e+04
1.178273359419385269e+00 -3.144406975025979773e+04
1.180273823527058230e+00 -3.127578346976800094e+04
1.182274287634731191e+00 -3.111385158757818499e+04
1.184274751742404153e+00 -3.092585418241655861e+04
1.186275215850077114e+00 -3.068340189326705877e+04
1.188275679957750075e+00 -3.037016845517020556e+04
1.190276144065423036e+00 -2.998704050037222623e+04
1.192276608173095998e+00 -2.955272649259857644e+04
1.194277072280768959e+00 -2.909922936480394128e+04
1.196277536388442142e+00 -2.866373723650093598e+04
1.198278000496115103e+00 -2.827917294537398629e+04
1.200278464603788064e+00 -2.796563940397017723e+04
1.202278928711461026e+00 -2.772394675781708793e+04
1.204279392819133987e+00 -2.753758895304150428e+04
1.206279856926806948e+00 -2.737854687283537351e+04
1.208280321034479909e+00 -2.721286196979730448e+04
1.210280785142152871e+00 -2.701118520164984511e+04
1.212281249249825832e+00 -2.676166006905026006e+04
1.214281713357498793e+00 -2.648197463073426115e+04
1.216282177465171754e+00 -2.620300717091820115e+04
1.218282641572844716e+00 -2.594885645559484692e+04
1.220283105680517899e+00 -2.574370273476363946e+04
1.222283569788190860e+00 -2.560456981383763923e+04
1.224284033895863821e+00 -2.553446734626260877e+04
1.226284498003536783e+00 -2.552322960161048832e+04
1.228284962111209744e+00 -2.554952865024085986e+04
1.230285426218882705e+00 -2.558677580100357227e+04
1.232285890326555666e+00 -2.561062035991880839e+04
1.234286354434228627e+00 -2.560576277525396290e+04
1.236286818541901589e+00 -2.556988199474866997e+04
1.238287282649574550e+00 -2.551319693389054737e+04
1.240287746757247511e+00 -2.545312069093536411e+04
1.242288210864920472e+00 -2.540642811383318622e+04
1.244288674972593656e+00 -2.538653185158442648e+04
1.246289139080266617e+00 -2.539455859941267408e+04
1.248289603187939578e+00 -2.541502341069284012e+04
1.250290067295612539e+00 -2.541849558918741604e+04
1.252290531403285501e+00 -2.536928535614283464e+04
1.254290995510958462e+00 -2.522494513646173436e+04
1.256291459618631423e+00 -2.497288493002924952e+04
1.258291923726304384e+00 -2.463539906786979554e+04
1.260292387833977346e+00 -2.425918697549849458e+04
1.262292851941650307e+00 -2.390100950574053059e+04
1.264293316049323268e+00 -2.361631937116901827e+04
1.266293780156996229e+00 -2.344411351628824923e+04
1.268294244264669413e+00 -2.339679766211334572e+04
1.270294708372342374e+00 -2.345751339477170040e+04
1.272295172480015335e+00 -2.358622316071424575e+04
1.274295636587688296e+00 -2.373364025393093470e+04
1.276296100695361257e+00 -2.385792342070363520e+04
1.278296564803034219e+00 -2.393555101726671637e+04
1.280297028910707180e+00 -2.396352203986142558e+04
1.282297493018380141e+00 -2.396332595650840085e+04
1.284297957126053102e+00 -2.396402621854830431e+04
1.286298421233726064e+00 -2.399238673004327211e+04
1.288298885341399025e+00 -2.406389855732408978e+04
1.290299349449071986e+00 -2.417645749773777789e+04
1.292299813556745169e+00 -2.431121281377865307e+04
1.294300277664418131e+00 -2.444006648721448073e+04
1.296300741772091092e+00 -2.453642181536970020e+04
1.298301205879764053e+00 -2.477890614804974757e+04
1.300301669987437014e+00 -2.538311294471488509e+04
1.302302134095109976e+00 -2.615639893988483891e+04
1.304302598202782937e+00 -2.687512764261092525e+04
1.306303062310455898e+00 -2.734479929027971230e+04
1.308303526418128859e+00 -2.747372349392544857e+04
1.310303990525801821e+00 -2.731635687159751251e+04
1.312304454633474782e+00 -2.703234516266921128e+04
1.314304918741147743e+00 -2.683489801043949046e+04
1.316305382848820926e+00 -2.690961368386515460e+04
1.318305846956493887e+00 -2.734050935904956714e+04
1.320306311064166849e+00 -2.807258367217442719e+04
1.322306775171839810e+00 -2.894029927567492268e+04
1.324307239279512771e+00 -2.973252573285169638e+04
1.326307703387185732e+00 -3.026592104988788560e+04
1.328308167494858694e+00 -3.044331320447398684e+04
1.330308631602531655e+00 -3.027259458644198821e+04
1.332309095710204616e+00 -2.984274504404660911e+04
1.334309559817877577e+00 -2.930993286417861964e+04
1.336310023925550539e+00 -2.884134526893626025e+04
1.338310488033223722e+00 -2.856684266051176746e+04
1.340310952140896683e+00 -2.853793730091804900e+04
1.342311416248569644e+00 -2.871017510484682134e+04
1.344311880356242606e+00 -2.897504838690010001e+04
1.346312344463915567e+00 -2.922818899886587678e+04
1.348312808571588528e+00 -2.939641049766014476e+04
1.350313272679261489e+00 -2.945395917519076465e+04
1.352313736786934451e+00 -2.940535081390149207e+04
1.354314200894607412e+00 -2.929326776521270949e+04
1.356314665002280373e+00 -2.919053570165930796e+04
1.358315129109953334e+00 -2.917898119408790444e+04
1.360315593217626295e+00 -2.931651092840414276e+04
1.362316057325299479e+00 -2.960858140989905587e+04
1.364316521432972440e+00 -3.000948562153299281e+04
1.366316985540645401e+00 -3.045078506814499997e+04
1.368317449648318362e+00 -3.086834987390164315e+04
1.370317913755991324e+00 -3.120807191561174477e+04
1.372318377863664285e+00 -3.143117661668059009e+04
1.374318841971337246e+00 -3.152857089286348855e+04
1.376319306079010207e+00 -3.153676120095192164e+04
1.378319770186683169e+00 -3.152776281536400711e+04
1.380320234294356130e+00 -3.157552325645950259e+04
1.382320698402029091e+00 -3.171399374644123236e+04
1.384321162509702052e+00 -3.195501701616663559e+04
1.386321626617375236e+00 -3.229770829657647846e+04
1.388322090725048197e+00 -3.270638286942353079e+04
1.390322554832721158e+00 -3.312995095271407627e+04
1.392323018940394119e+00 -3.350318658457356651e+04
1.394323483048067081e+00 -3.375719153496831859e+04
1.396323947155740042e+00 -3.383899184557744593e+04
1.398324411263413003e+00 -3.370431549104096484e+04
1.400324875371085964e+00 -3.334939259351674264e+04
1.402325339478758925e+00 -3.285735045964879100e+04
1.404325803586431887e+00 -3.232548206750890313e+04
1.406326267694104848e+00 -3.187189376128636650e+04
1.408326731801777809e+00 -3.160433811735642666e+04
1.410327195909450992e+00 -3.158027773816800254e+04
1.412327660017123954e+00 -3.176990411615910853e+04
1.414328124124796915e+00 -3.208867979030215429e+04
1.416328588232469876e+00 -3.242449740249082242e+04
1.418329052340142837e+00 -3.266057954537120895e+04
1.420329516447815799e+00 -3.271206028654857437e+04
1.422329980555488760e+00 -3.254695353742013685e+04
1.424330444663161721e+00 -3.219678998660751313e+04
1.426330908770834682e+00 -3.175312915604412410e+04
1.428331372878507644e+00 -3.131669171875757456e+04
1.430331836986180605e+00 -3.101668950386123106e+04
1.432332301093853566e+00 -3.094397858778048248e+04
1.434332765201526749e+00 -3.109441509854356627e+04
1.436333229309199710e+00 -3.142292721759241977e+04
1.438333693416872672e+00 -3.183673352004659318e+04
1.440334157524545633e+00 -3.222446207873522508e+04
1.442334621632218594e+00 -3.249589222169120330e+04
1.444335085739891555e+00 -3.261116388276991347e+04
1.446335549847564517e+00 -3.258344101826689803e+04
1.448336013955237478e+00 -3.247044966345372450e+04
1.450336478062910439e+00 -3.234938863617741299e+04
1.452336942170583400e+00 -3.228714340474691198e+04
1.454337406278256362e+00 -3.231565325780963394e+04
1.456337870385929323e+00 -3.241776967283372869e+04
1.458338334493602506e+00 -3.253384097543087773e+04
1.460338798601275467e+00 -3.258206562510468575e+04
1.462339262708948429e+00 -3.248784838155484977e+04
1.464339726816621390e+00 -3.221430504335085789e+04
1.466340190924294351e+00 -3.178875579594545707e+04
1.468340655031967312e+00 -3.128643067400046857e+04
1.470341119139640274e+00 -3.081060762550944855e+04
1.472341583247313235e+00 -3.046456790213246131e+04
1.474342047354986196e+00 -3.032094373801484835e+04
1.476342511462659157e+00 -3.039488673108039438e+04
1.478342975570332118e+00 -3.063655870140767365e+04
1.480343439678005302e+00 -3.095585938432983676e+04
1.482343903785678263e+00 -3.123944202235646299e+04
1.484344367893351224e+00 -3.138355797530374548e+04
1.486344832001024185e+00 -3.132882234492151110e+04
1.488345296108697147e+00 -3.107170900613249250e+04
1.490345760216370108e+00 -3.065996775798029194e+04
1.492346224324043069e+00 -3.018528044500455871e+04
1.494346688431716030e+00 -2.976685971701157905e+04
1.496347152539388992e+00 -2.951359411250163612e+04
1.498347616647061953e+00 -2.949275371856000129e+04
1.500348080754734914e+00 -2.971543500422444777e+04
1.502348544862407875e+00 -3.013700244447051591e+04
1.504349008970081059e+00 -3.068381255797402991e+04
1.506349473077754020e+00 -3.123587574787137419e+04
1.508349937185426981e+00 -3.168270267932669231e+04
1.510350401293099942e+00 -3.194746618570774081e+04
1.512350865400772904e+00 -3.199837001884941856e+04
1.514351329508445865e+00 -3.186007724842373500e+04
