0.000000000000000000e+00 2.841746110072608766e-13
2.000464107672979882e-03 2.841739810640527022e-13
4.000928215345959764e-03 2.841504252455529864e-13
6.001392323018940080e-03 2.840456850435035201e-13
8.001856430691919528e-03 2.841745592558715993e-13
1.000232053836489984e-02 2.841745592558715993e-13
1.200278464603788016e-02 2.836591771477913770e-13
1.400324875371086047e-02 2.852050344081217724e-13
1.600371286138383906e-02 2.852056510320972080e-13
1.800417696905682111e-02 2.810859883498032984e-13
2.000464107672979969e-02 2.924065111370739011e-13
2.200510518440277827e-02 2.862356518076515283e-13
2.400556929207576032e-02 2.841792298063974351e-13
2.600603339974873890e-02 2.780129787131536847e-13
2.800649750742172095e-02 2.882858380254823338e-13
3.000696161509469953e-02 2.841834617310129231e-13
3.200742572276767811e-02 2.554611331802809910e-13
3.400788983044066016e-02 2.882606402304709378e-13
3.600835393811364221e-02 2.308914632242607699e-13
3.800881804578661732e-02 3.168923172303527424e-13
4.000928215345959937e-02 2.841716103243898433e-13
4.200974626113258142e-02 2.268821496314047726e-13
4.401021036880555654e-02 3.903906308973516866e-13
4.601067447647853859e-02 1.780157345359267857e-13
4.801113858415152064e-02 3.983861520329258859e-13
5.001160269182450269e-02 2.679025594214520304e-13
5.201206679949747780e-02 2.189348863898159303e-13
5.401253090717045985e-02 4.470696658939523349e-13
5.601299501484344190e-02 3.493660042391193582e-13
5.801345912251641701e-02 4.958050204018441777e-13
6.001392323018939906e-02 2.519091227105374207e-13
6.201438733786238111e-02 3.981191808416394562e-13
6.401485144553535622e-02 3.819007250564493040e-13
6.601531555320834521e-02 4.630267785475369786e-13
6.801577966088132032e-02 3.819601557488153457e-13
7.001624376855429543e-02 3.819419684727718735e-13
7.201670787622728442e-02 3.657475060943763034e-13
7.401717198390025954e-02 3.009639665635066619e-13
7.601763609157323465e-02 4.304570795346352618e-13
7.801810019924622364e-02 4.142875482946290790e-13
8.001856430691919875e-02 3.334236193469678024e-13
8.201902841459217386e-02 4.627619460488469536e-13
8.401949252226516285e-02 4.466112471205806698e-13
8.601995662993813796e-02 3.334764217580370584e-13
8.802042073761111307e-02 4.465733663188791327e-13
9.002088484528410206e-02 3.819617779185632413e-13
9.202134895295707717e-02 2.688887393515696423e-13
9.402181306063006616e-02 4.627113823742476501e-13
9.602227716830304127e-02 3.011952942261161319e-13
9.802274127597601638e-02 4.142622802423835462e-13
1.000232053836490054e-01 2.365643273298173812e-13
1.020236694913219805e-01 5.274016791370702356e-13
1.040241335989949556e-01 3.657495522330879365e-13
1.060245977066679446e-01 2.849151612401967035e-13
1.080250618143409197e-01 5.600311737541729593e-13
1.100255259220138948e-01 1.548890056645150509e-13
1.120259900296868838e-01 6.093738771923411110e-13
1.140264541373598589e-01 4.141145207555824190e-13
1.160269182450328340e-01 1.376500714410681797e-13
1.180273823527058230e-01 7.410440665645891922e-13
1.200278464603787981e-01 2.166178135200659283e-14
1.220283105680517732e-01 5.627992688713251078e-13
1.240287746757247622e-01 4.145290647787663822e-13
1.260292387833977512e-01 3.160221503467933812e-13
1.280297028910707124e-01 5.472131054129874529e-13
1.300301669987437014e-01 2.156165911801314861e-13
1.320306311064166904e-01 5.652008149923811343e-13
1.340310952140896517e-01 2.643776583448713433e-13
1.360315593217626406e-01 4.575249069644576229e-13
1.380320234294356296e-01 4.824013241740922700e-13
1.400324875371085909e-01 2.966170722153032130e-13
1.420329516447815799e-01 5.513556077078160367e-13
1.440334157524545688e-01 2.697100383947855532e-13
1.460338798601275301e-01 4.756936353280282298e-13
1.480343439678005191e-01 4.151155681458168791e-13
1.500348080754735081e-01 2.941611093069346223e-13
1.520352721831464693e-01 5.266019875404549420e-13
1.540357362908194583e-01 2.796591539973760141e-13
1.560362003984924473e-01 4.887353140380217008e-13
1.580366645061654085e-01 3.613337706493503634e-13
1.600371286138383975e-01 3.478457084756008999e-13
1.620375927215113865e-01 5.280362739256707150e-13
1.640380568291843477e-01 3.413498775192479077e-13
1.660385209368573367e-01 1.945268928866990286e-13
1.680389850445303257e-01 4.447883038663642550e-13
1.700394491522032869e-01 5.361759851108899912e-13
1.720399132598762759e-01 4.901307398027338784e-13
1.740403773675492649e-01 6.940044759564447789e-13
1.760408414752222261e-01 9.454399826918429026e-13
1.780413055828952151e-01 8.046376370935325567e-13
1.800417696905682041e-01 9.367808400308162877e-13
1.820422337982411654e-01 1.030951430083033123e-12
1.840426979059141543e-01 8.597117093068867014e-13
1.860431620135871433e-01 9.363418338567293162e-13
1.880436261212601323e-01 1.052440823694989882e-12
1.900440902289330936e-01 1.109753720965505849e-12
1.920445543366060825e-01 7.015522920221664016e-13
1.940450184442790715e-01 1.072919989847719554e-12
1.960454825519520328e-01 6.996085765912400036e-13
1.980459466596250218e-01 1.015670062566677390e-12
2.000464107672980107e-01 6.984482263160283025e-13
2.020468748749709720e-01 1.336005791491282035e-12
2.040473389826439610e-01 6.155471436304377719e-13
2.060478030903169500e-01 9.374302968252191609e-13
2.080482671979899112e-01 6.548526898423564999e-13
2.100487313056629002e-01 7.365846252288452132e-13
2.120491954133358892e-01 1.182596789081898702e-12
2.140496595210088504e-01 2.458208175081918992e-13
2.160501236286818394e-01 1.717480587629000800e-12
2.180505877363548284e-01 3.231516816214987104e-13
2.200510518440277896e-01 1.474985021161206960e-12
2.220515159517007786e-01 6.910307832206263224e-13
2.240519800593737676e-01 1.063705128373432704e-12
2.260524441670467288e-01 1.642101974620129996e-12
2.280529082747197178e-01 1.512803367892528645e-13
2.300533723823927068e-01 1.934779465923809662e-12
2.320538364900656680e-01 6.060407530281993111e-13
2.340543005977386570e-01 7.307921277686889984e-13
2.360547647054116460e-01 1.312659374029609529e-12
2.380552288130846073e-01 7.306630491407592546e-13
2.400556929207575962e-01 1.437205455002837510e-12
2.420561570284305852e-01 5.234582613609689439e-13
2.440566211361035465e-01 1.353142414218811042e-12
2.460570852437765355e-01 6.493427676989039793e-13
2.480575493514495244e-01 1.103163827049590488e-12
2.500580134591224857e-01 1.104488179707302132e-12
2.520584775667955024e-01 2.396699102367827790e-13
2.540589416744684637e-01 1.305701297473980971e-12
2.560594057821414249e-01 3.262024302880540794e-13
2.580598698898144416e-01 1.504347205330798523e-12
2.600603339974874029e-01 6.158987737031029082e-13
2.620607981051603641e-01 1.258121766933229360e-12
2.640612622128333808e-01 9.797361059232252854e-13
2.660617263205063421e-01 7.795861959557523667e-13
2.680621904281793033e-01 1.017496022039967685e-12
2.700626545358523201e-01 7.422538066826217902e-13
2.720631186435252813e-01 1.132973527049015016e-12
2.740635827511982425e-01 7.839546061003832424e-13
2.760640468588712593e-01 8.610674150097665549e-13
2.780645109665442205e-01 8.992693003914084605e-13
2.800649750742171817e-01 8.235909297585610033e-13
2.820654391818901985e-01 1.085751453622043484e-12
2.840659032895631597e-01 8.258797455954728282e-13
2.860663673972361210e-01 8.990189594274064612e-13
2.880668315049091377e-01 8.449056972747092033e-13
2.900672956125820989e-01 8.260085092945954384e-13
2.920677597202550602e-01 9.345526070399633226e-13
2.940682238279280769e-01 7.204148472462561960e-13
2.960686879356010381e-01 1.214653522163495185e-12
2.980691520432739994e-01 6.901843600838683251e-13
3.000696161509470161e-01 9.451305415417934360e-13
3.020700802586199774e-01 8.004873495807213528e-13
3.040705443662929386e-01 8.555166569691097100e-13
3.060710084739659553e-01 7.832555091734154884e-13
3.080714725816389166e-01 6.193936611121304210e-13
3.100719366893118778e-01 9.188478824083938033e-13
3.120724007969848945e-01 6.964029729673934176e-13
3.140728649046578558e-01 8.596259734068158518e-13
3.160733290123308170e-01 7.626416642225935486e-13
3.180737931200038338e-01 6.010157723908310018e-13
3.200742572276767950e-01 7.933104333345022379e-13
3.220747213353497562e-01 5.383021229371782135e-13
3.240751854430227730e-01 5.381897352383484588e-13
3.260756495506957342e-01 7.292174208096392559e-13
3.280761136583686954e-01 2.519352127281749223e-13
3.300765777660417122e-01 9.496044471341494205e-13
3.320770418737146734e-01 6.975879088083873025e-13
3.340775059813876346e-01 3.821919058299176588e-13
3.360779700890606514e-01 1.199650885036199480e-12
3.380784341967336126e-01 1.945229025363546662e-13
3.400788983044065739e-01 1.230566377896417347e-12
3.420793624120795906e-01 4.786226274582364227e-13
3.440798265197525518e-01 2.277792426135459596e-13
3.460802906274255131e-01 1.101439005048716082e-12
3.480807547350985298e-01 2.917367423875320170e-13
3.500812188427714911e-01 8.519018840169608620e-13
3.520816829504444523e-01 6.030494771738724935e-13
3.540821470581174690e-01 9.760589728601433272e-13
3.560826111657904303e-01 7.278189909548773923e-13
3.580830752734633915e-01 4.797786597675907380e-13
3.600835393811364082e-01 7.274765729014325755e-13
3.620840034888093695e-01 6.036651184373445106e-13
3.640844675964823307e-01 5.417770283752275281e-13
3.660849317041553475e-01 9.130323635480355629e-13
3.680853958118283087e-01 7.894435864181185090e-13
3.700858599195013254e-01 6.039036773571477702e-13
3.720863240271742867e-01 1.036395536184855078e-12
3.740867881348472479e-01 8.510835126299009327e-13
3.760872522425202646e-01 4.185304479317099446e-13
3.780877163501932259e-01 8.512756269666979222e-13
3.800881804578661871e-01 9.130753203606833288e-13
3.820886445655392039e-01 1.711510814341141787e-13
3.840891086732121651e-01 1.222654418547498847e-12
3.860895727808851263e-01 6.652118937842205917e-13
3.880900368885581431e-01 4.794693490605000380e-13
3.900905009962311043e-01 7.280478921347967786e-13
3.920909651039040655e-01 5.412064719056190679e-13
3.940914292115770823e-01 7.907405835672043684e-13
3.960918933192500435e-01 5.404086068373582335e-13
3.980923574269230047e-01 1.421025820100118565e-12
4.000928215345960215e-01 4.098172732809320431e-13
4.020932856422689827e-01 1.045466223349345163e-12
4.040937497499419440e-01 9.169535019081685971e-13
4.060942138576149607e-01 2.137694584016180140e-13
4.080946779652879219e-01 1.693810058885787860e-12
4.100951420729608832e-01 5.275559683589959261e-13
4.120956061806338999e-01 8.538870602979440638e-13
4.140960702883068612e-01 1.246935225887067203e-12
4.160965343959798224e-01 6.531361427485006429e-13
4.180969985036528391e-01 1.450799323679684893e-12
4.200974626113258004e-01 9.812381279496595176e-13
4.220979267189987616e-01 9.161384190473095007e-13
4.240983908266717783e-01 1.796332690260641399e-12
4.260988549343447396e-01 8.742568361609175190e-13
4.280993190420177008e-01 1.908457403617612049e-12
4.300997831496907176e-01 9.689164831672070166e-13
4.321002472573636788e-01 -7.792055739319843577e-13
4.341007113650366400e-01 9.153246707425400140e-13
4.361011754727096568e-01 -4.784019948690708615e-14
4.381016395803826180e-01 -1.165925901588156602e-13
4.401021036880555792e-01 8.945155648764278737e-13
4.421025677957285960e-01 -3.645451706181577620e-13
4.441030319034015572e-01 7.862930567126010324e-14
4.461034960110745184e-01 5.407620556108090918e-13
4.481039601187475352e-01 -9.658775699989154269e-13
4.501044242264204964e-01 -1.369805510089146795e-12
4.521048883340934577e-01 -6.949089770127455342e-13
4.541053524417664744e-01 -1.395870694564649498e-12
4.561058165494394356e-01 -1.509723905622708094e-12
4.581062806571123969e-01 -1.160703501580165076e-12
4.601067447647854136e-01 -1.720864381043746780e-12
4.621072088724583748e-01 -1.190152173726475249e-12
4.641076729801313361e-01 -1.636072906148177597e-12
4.661081370878043528e-01 -1.488436132247695995e-12
4.681086011954773141e-01 -1.268791938182590003e-12
4.701090653031502753e-01 -1.705411045716672289e-12
4.721095294108232920e-01 -1.154110763348898600e-12
4.741099935184962533e-01 -1.860800138027160009e-12
4.761104576261692145e-01 -1.567059383055934434e-12
4.781109217338422313e-01 -1.283795493106464052e-12
4.801113858415151925e-01 -1.706743478457682858e-12
4.821118499491881537e-01 -1.131028702738971041e-12
4.841123140568611705e-01 -2.205221891500493483e-12
4.861127781645341317e-01 -1.037324941277385183e-12
4.881132422722070929e-01 -1.429960203289630261e-12
4.901137063798801097e-01 -2.063155373136597170e-12
4.921141704875530709e-01 -7.444813324089979108e-13
4.941146345952260321e-01 -2.247450497314663525e-12
4.961150987028990489e-01 -1.358827492810713538e-12
4.981155628105720101e-01 -1.806544572499391720e-12
5.001160269182449714e-01 -1.760141051423833108e-12
5.021164910259179326e-01 -1.356257925271190974e-12
5.041169551335910048e-01 -2.351079051433820628e-12
5.061174192412639661e-01 -8.976375167024064634e-13
5.081178833489369273e-01 -1.900967467517660507e-12
5.101183474566098885e-01 -1.716751981103922714e-12
5.121188115642828498e-01 -1.396998195373843968e-12
5.141192756719558110e-01 -2.315317648301739365e-12
5.161197397796288833e-01 -8.416198653041636062e-13
5.181202038873018445e-01 -2.411268334750498025e-12
5.201206679949748057e-01 -1.069845055583704506e-12
5.221211321026477670e-01 -1.811293003440866739e-12
5.241215962103207282e-01 -1.671823598129745945e-12
5.261220603179936894e-01 -1.347328426945937519e-12
5.281225244256667617e-01 -2.600793512536669664e-12
5.301229885333397229e-01 -6.966847006877811944e-13
5.321234526410126842e-01 -2.182810797167729264e-12
5.341239167486856454e-01 -1.393707420254698938e-12
5.361243808563586066e-01 -1.811019860614468464e-12
5.381248449640315679e-01 -1.301722650476441640e-12
5.401253090717046401e-01 -1.763875931473621520e-12
5.421257731793776014e-01 -1.671678690618172481e-12
5.441262372870505626e-01 -1.671740182527038636e-12
5.461267013947235238e-01 -1.488380675813432522e-12
5.481271655023964851e-01 -2.309786901632649172e-12
5.501276296100694463e-01 -8.111618883686034872e-13
5.521280937177425185e-01 -2.121438112836124939e-12
5.541285578254154798e-01 -1.268080559574151613e-12
5.561290219330884410e-01 -1.802497077302411566e-12
5.581294860407614022e-01 -2.070285206773503461e-12
5.601299501484343635e-01 -1.141886030190947924e-12
5.621304142561073247e-01 -2.195185113174061388e-12
5.641308783637803970e-01 -9.322909758202138133e-13
5.661313424714533582e-01 -2.314651325823207071e-12
5.681318065791263194e-01 -8.591378419052546345e-13
5.701322706867992807e-01 -2.343932083812602993e-12
5.721327347944722419e-01 -1.378768803930312234e-12
5.741331989021452031e-01 -1.582680082194777305e-12
5.761336630098182754e-01 -2.085593484983065289e-12
5.781341271174912366e-01 -7.244623510932436487e-13
5.801345912251641979e-01 -2.825502197765117609e-12
5.821350553328371591e-01 -4.423897096933591491e-13
5.841355194405101203e-01 -2.482892315526322522e-12
5.861359835481831926e-01 -9.379059319942964114e-13
5.881364476558561538e-01 -2.349996563598763554e-12
5.901369117635291150e-01 -1.359870395459127979e-12
5.921373758712020763e-01 -1.752019865285501190e-12
5.941378399788750375e-01 -1.659592627716050066e-12
5.961383040865479988e-01 -1.472015597798757993e-12
5.981387681942210710e-01 -4.455903551016779513e-13
6.001392323018940322e-01 3.892604102693282846e-12
6.021396964095669935e-01 3.951674265900098342e-12
6.041401605172399547e-01 7.338847441460606720e-12
6.061406246249129159e-01 1.142367540319245816e-11
6.081410887325858772e-01 1.137797029793944302e-11
6.101415528402589494e-01 1.088509771122338812e-11
6.121420169479319107e-01 1.210847509111789384e-11
6.141424810556048719e-01 1.050981621200033240e-11
6.161429451632778331e-01 1.031497984641273099e-11
6.181434092709507944e-01 1.128711464156044324e-11
6.201438733786237556e-01 9.927677785880041791e-12
6.221443374862968279e-01 1.117401352246779939e-11
6.241448015939697891e-01 1.107453957065011357e-11
6.261452657016427503e-01 1.016208330587115284e-11
6.281457298093157116e-01 1.136963656911586328e-11
6.301461939169886728e-01 1.003661333206998286e-11
6.321466580246616340e-01 1.136112833888452821e-11
6.341471221323347063e-01 1.057179456592963495e-11
6.361475862400076675e-01 1.017702709494319475e-11
6.381480503476806287e-01 1.148191692603315611e-11
6.401485144553535900e-01 1.011963087953462095e-11
6.421489785630265512e-01 1.108770993589987301e-11
6.441494426706995124e-01 1.076758538385688608e-11
6.461499067783725847e-01 9.677962802423748340e-12
6.481503708860455459e-01 1.191056558734275620e-11
6.501508349937185072e-01 1.038634926990822113e-11
6.521512991013914684e-01 1.032178384845505307e-11
6.541517632090644296e-01 1.158501046462622616e-11
6.561522273167373909e-01 9.948820695012287922e-12
6.581526914244104631e-01 1.088970136300402837e-11
6.601531555320834244e-01 1.095304255905709639e-11
6.621536196397563856e-01 1.039049409855854249e-11
6.641540837474293468e-01 1.120105979668880754e-11
6.661545478551023081e-01 1.045454306577050751e-11
6.681550119627752693e-01 1.113786125898537166e-11
6.701554760704483416e-01 1.045567522887935167e-11
6.721559401781213028e-01 1.033139202931996976e-11
6.741564042857942640e-01 1.132189750277287685e-11
6.761568683934672253e-01 1.033222200408216350e-11
6.781573325011401865e-01 1.101218941632430095e-11
6.801577966088131477e-01 1.113584864634903892e-11
6.821582607164862200e-01 1.002339569854305082e-11
6.841587248241591812e-01 1.156874908622320859e-11
6.861591889318321424e-01 1.033176014465803012e-11
6.881596530395051037e-01 1.070345492699673727e-11
6.901601171471780649e-01 1.088892455000595042e-11
6.921605812548510261e-01 1.039234004396850205e-11
6.941610453625240984e-01 1.107699183321888099e-11
6.961615094701970596e-01 1.057741811990763109e-11
6.981619735778700209e-01 1.082825701054129088e-11
7.001624376855429821e-01 1.107960343777970148e-11
7.021629017932159433e-01 1.070117780577008782e-11
7.041633659008889046e-01 1.044822624014366040e-11
7.061638300085619768e-01 1.108399677804879365e-11
7.081642941162349381e-01 1.070076822767721290e-11
7.101647582239078993e-01 1.102221420454987116e-11
7.121652223315808605e-01 1.056983827640882908e-11
7.141656864392538218e-01 1.076576875914554207e-11
7.161661505469267830e-01 1.056907312291881772e-11
7.181666146545998552e-01 1.056890045552096589e-11
7.201670787622728165e-01 1.089956107407324295e-11
7.221675428699457777e-01 1.103241153902581332e-11
7.241680069776187390e-01 1.036093029805928174e-11
7.261684710852917002e-01 1.083576539168620290e-11
7.281689351929646614e-01 1.069744440462034234e-11
7.301693993006377337e-01 1.049350752320354826e-11
7.321698634083106949e-01 1.153026429793552384e-11
7.341703275159836561e-01 1.034467906220398664e-11
7.361707916236566174e-01 1.094362598699840664e-11
7.381712557313295786e-01 1.079959798848377967e-11
7.401717198390026509e-01 1.044439810067307048e-11
7.421721839466756121e-01 1.148807200537058552e-11
7.441726480543485733e-01 9.961394025900028777e-12
7.461731121620215346e-01 1.075167971912735645e-11
7.481735762696944958e-01 1.191354706669683269e-11
7.501740403773674570e-01 1.008725296387330677e-11
7.521745044850405293e-01 1.084133169927353467e-11
7.541749685927134905e-01 1.197655034742638999e-11
7.561754327003864518e-01 1.053302739610918405e-11
7.581758968080594130e-01 1.069832697093533503e-11
7.601763609157323742e-01 1.103659181746097025e-11
7.621768250234053355e-01 1.022572125666213536e-11
7.641772891310784077e-01 1.133094953004828411e-11
7.661777532387513689e-01 1.027048480463563892e-11
7.681782173464243302e-01 1.115205185361850500e-11
7.701786814540972914e-01 1.074147830139181561e-11
7.721791455617702526e-01 1.013248555485893003e-11
7.741796096694432139e-01 1.014895113825612965e-11
7.761800737771162861e-01 1.027787556637789065e-11
7.781805378847892474e-01 9.894471791422914725e-12
7.801810019924622086e-01 1.069116846467828916e-11
7.821814661001351698e-01 9.761625806920064037e-12
7.841819302078081311e-01 1.038124746634285794e-11
7.861823943154810923e-01 1.025181038924793476e-11
7.881828584231541646e-01 9.929537683681293231e-12
7.901833225308271258e-01 1.055746314611291950e-11
7.921837866385000870e-01 9.883121194489417558e-12
7.941842507461730483e-01 1.040943795492196188e-11
7.961847148538460095e-01 9.615955062037624345e-12
7.981851789615189707e-01 1.041460901246946098e-11
8.001856430691920430e-01 9.567571972743518057e-12
8.021861071768650042e-01 1.014942941636576555e-11
8.041865712845379655e-01 1.032884178231019014e-11
8.061870353922109267e-01 9.607528204192572335e-12
8.081874994998838879e-01 1.087576448810689234e-11
8.101879636075568492e-01 9.693443601224868695e-12
8.121884277152299214e-01 1.092647451053880462e-11
8.141888918229028826e-01 9.643353127238429384e-12
8.161893559305758439e-01 9.965769167266617552e-12
8.181898200382488051e-01 1.111540383238952739e-11
8.201902841459217663e-01 8.903195620152020615e-12
8.221907482535947276e-01 1.130545684534205911e-11
8.241912123612677998e-01 9.268757742465650525e-12
8.261916764689407611e-01 1.052082891400939893e-11
8.281921405766137223e-01 1.056687856982347211e-11
8.301926046842866835e-01 8.988704691865597688e-12
8.321930687919596448e-01 1.131057590854357102e-11
8.341935328996326060e-01 9.267361892873851635e-12
8.361939970073056783e-01 1.079942913536744888e-11
8.381944611149786395e-01 1.010374654393153046e-11
8.401949252226516007e-01 9.778502807614172483e-12
8.421953893303245620e-01 1.065854001857218944e-11
8.441958534379975232e-01 9.873527717862734017e-12
8.461963175456704844e-01 1.028816571596304628e-11
8.481967816533435567e-01 9.828866601400402195e-12
8.501972457610165179e-01 1.074356716737562913e-11
8.521977098686894792e-01 1.015149937387377315e-11
8.541981739763624404e-01 1.006086786366310328e-11
8.561986380840354016e-01 1.073744382319334881e-11
8.581991021917083629e-01 9.168690040974941530e-12
8.601995662993814351e-01 1.139465938409457243e-11
8.622000304070543963e-01 9.449661186602960414e-12
8.642004945147273576e-01 1.001657208749174636e-11
8.662009586224003188e-01 1.115744173688500127e-11
8.682014227300732800e-01 9.158650761243717821e-12
8.702018868377462413e-01 1.126904534203783092e-11
8.722023509454193135e-01 8.921323017700415767e-12
8.742028150530922748e-01 1.158821352820879432e-11
8.762032791607652360e-01 9.449655979159298021e-12
8.782037432684381972e-01 8.946079347564847134e-12
8.802042073761111585e-01 1.002175946549312759e-11
8.822046714837842307e-01 8.670468884501682400e-12
8.842051355914571920e-01 1.006851778050174822e-11
8.862055996991301532e-01 9.205525518837634588e-12
8.882060638068031144e-01 1.047975748056390470e-11
8.902065279144760757e-01 8.546486804641678809e-12
8.922069920221490369e-01 1.153601958081512990e-11
8.942074561298221091e-01 9.390451840452561913e-12
8.962079202374950704e-01 1.775481437126680915e-11
8.982083843451680316e-01 1.524474281708241856e-11
9.002088484528409928e-01 1.174756175734315481e-11
9.022093125605139541e-01 1.942720186693994134e-11
9.042097766681869153e-01 7.900809643025678703e-12
9.062102407758599876e-01 9.692238795060483724e-12
9.082107048835329488e-01 1.465497866483466261e-11
9.102111689912059100e-01 6.825883216866781196e-12
9.122116330988788713e-01 1.655472765294021100e-11
9.142120972065518325e-01 8.436017465429767085e-12
9.162125613142247937e-01 2.924610122902951004e-12
9.182130254218978660e-01 1.375430533509572556e-11
9.202134895295708272e-01 3.200223947177474894e-12
9.222139536372437885e-01 1.137273068353505205e-11
9.242144177449167497e-01 8.954691481828248455e-12
9.262148818525897109e-01 4.991637530663765137e-12
9.282153459602626722e-01 1.372874330202166396e-11
9.302158100679357444e-01 5.358222002036486464e-12
9.322162741756087057e-01 1.063127813686168117e-11
9.342167382832816669e-01 9.877041628694668260e-12
9.362172023909546281e-01 5.641689891196398235e-12
9.382176664986275894e-01 3.781398014172881596e-12
9.402181306063005506e-01 -4.176094154105165914e-12
9.422185947139736228e-01 7.240893254241019740e-12
9.442190588216465841e-01 -1.820601786856089935e-12
9.462195229293195453e-01 1.015287411255130265e-11
9.482199870369925065e-01 1.350310227168934227e-11
9.502204511446654678e-01 1.157337571841786261e-12
9.522209152523384290e-01 1.618518647197161949e-11
9.542213793600115013e-01 5.595404964996265698e-12
9.562218434676844625e-01 1.013832316260075707e-11
9.582223075753574237e-01 1.405325886404934118e-11
9.602227716830303850e-01 3.994564312311171752e-12
9.622232357907033462e-01 1.527772913748890665e-11
9.642236998983763074e-01 7.714460540489123908e-12
9.662241640060493797e-01 8.458793855551780149e-12
9.682246281137223409e-01 1.456443884436910796e-11
9.702250922213953022e-01 6.110412801053997346e-12
9.722255563290682634e-01 1.299875421899990743e-11
9.742260204367412246e-01 1.021071962411960732e-11
9.762264845444141859e-01 8.227592249134986951e-12
9.782269486520872581e-01 1.336393641088577809e-11
9.802274127597602194e-01 7.798670800777531991e-12
9.822278768674331806e-01 1.119791640305405579e-11
9.842283409751061418e-01 1.212494741057159972e-11
9.862288050827791031e-01 7.613090437990929347e-12
9.882292691904520643e-01 1.243576646782921248e-11
9.902297332981251365e-01 8.847142936811252065e-12
9.922301974057980978e-01 1.027244633757524216e-11
9.942306615134710590e-01 1.113986621238681974e-11
9.962311256211440202e-01 8.715940838906279537e-12
9.982315897288169815e-01 1.158291431623784706e-11
1.000232053836489943e+00 9.394048777485383343e-12
1.002232517944162904e+00 1.021139543055903466e-11
1.004232982051835865e+00 1.140428054759314339e-11
1.006233446159508826e+00 8.816163278110813976e-12
1.008233910267182010e+00 1.122725649460984633e-11
1.010234374374854971e+00 1.014132238724500988e-11
1.012234838482527932e+00 9.695121492142587985e-12
1.014235302590200893e+00 1.078851080881698651e-11
1.016235766697873855e+00 9.298730409398649202e-12
1.018236230805546816e+00 1.092957113552390883e-11
1.020236694913219777e+00 1.020500754123166715e-11
1.022237159020892738e+00 9.152009119101720178e-12
1.024237623128565700e+00 1.180829594177853331e-11
1.026238087236238661e+00 9.197040279099755426e-12
1.028238551343911622e+00 1.041375691904640237e-11
1.030239015451584805e+00 1.074970986770494693e-11
1.032239479559257767e+00 9.281688201362802249e-12
1.034239943666930728e+00 1.114251774931420182e-11
1.036240407774603689e+00 9.751283691036738476e-12
1.038240871882276650e+00 9.543099014418968785e-12
1.040241335989949611e+00 1.091876105290650428e-11
1.042241800097622573e+00 9.565605640406912174e-12
1.044242264205295534e+00 1.032184736210738424e-11
1.046242728312968495e+00 1.079007683008430339e-11
1.048243192420641456e+00 9.111489113900917080e-12
1.050243656528314418e+00 9.646924398026972665e-12
1.052244120635987379e+00 1.059192628435094437e-11
1.054244584743660562e+00 8.860161216067655403e-12
1.056245048851333523e+00 9.013693406451675240e-12
1.058245512959006485e+00 1.051636915238468806e-11
1.060245977066679446e+00 9.488132139031221884e-12
1.062246441174352407e+00 9.311200641057755626e-12
1.064246905282025368e+00 9.904861947180469033e-12
1.066247369389698330e+00 8.976135669245450373e-12
1.068247833497371291e+00 9.769918963056747727e-12
1.070248297605044252e+00 9.011455374519224503e-12
1.072248761712717213e+00 9.324554213476418752e-12
1.074249225820390174e+00 9.453364886477363650e-12
1.076249689928063136e+00 8.983713996957776103e-12
1.078250154035736319e+00 9.632225112369864103e-12
1.080250618143409280e+00 8.988472274584613634e-12
1.082251082251082241e+00 9.365531837837338057e-12
1.084251546358755203e+00 9.228062563229974799e-12
1.086252010466428164e+00 9.143798960486659030e-12
1.088252474574101125e+00 9.335626482505812503e-12
1.090252938681774086e+00 9.056438157672648949e-12
1.092253402789447048e+00 9.272669379707020740e-12
1.094253866897120009e+00 9.228920103337367089e-12
1.096254331004792970e+00 9.098082649764340220e-12
1.098254795112465931e+00 9.053762972597567493e-12
1.100255259220138893e+00 9.364179070836557701e-12
1.102255723327812076e+00 9.007464939631512459e-12
1.104256187435485037e+00 9.142385686619168685e-12
1.106256651543157998e+00 8.872666348518461675e-12
1.108257115650830960e+00 9.098460824779681230e-12
1.110257579758503921e+00 8.962141573297399079e-12
1.112258043866176882e+00 8.917157022865705435e-12
1.114258507973849843e+00 9.417758749828670352e-12
1.116258972081522804e+00 8.092349758883763676e-12
1.118259436189195766e+00 9.742536339284654401e-12
1.120259900296868727e+00 8.501158144237001411e-12
1.122260364404541688e+00 9.284995831098182403e-12
1.124260828512214649e+00 9.284445440061547608e-12
1.126261292619887833e+00 8.776237868366814190e-12
1.128261756727560794e+00 9.563285452263168110e-12
1.130262220835233755e+00 8.728724288737322489e-12
1.132262684942906716e+00 9.657069075055935704e-12
1.134263149050579678e+00 9.053352891709957580e-12
1.136263613158252639e+00 8.728288294683373342e-12
1.138264077265925600e+00 9.750092980174578379e-12
1.140264541373598561e+00 8.403655642706902093e-12
1.142265005481271523e+00 9.748769259022229225e-12
1.144265469588944484e+00 8.729925321771239287e-12
1.146265933696617445e+00 9.469032628797601130e-12
1.148266397804290406e+00 9.008663978079410838e-12
1.150266861911963590e+00 8.915966301714097064e-12
1.152267326019636551e+00 9.237037876561807847e-12
1.154267790127309512e+00 8.735034568788872846e-12
1.156268254234982473e+00 9.053429503147920882e-12
1.158268718342655434e+00 9.233798098012197956e-12
1.160269182450328396e+00 8.604705549997323226e-12
1.162269646558001357e+00 9.140191332140371691e-12
1.164270110665674318e+00 9.008985712561205221e-12
1.166270574773347279e+00 9.271801387372083190e-12
1.168271038881020241e+00 9.011177462254116250e-12
1.170271502988693202e+00 8.791188345593835545e-12
1.172271967096366385e+00 9.485104018854642125e-12
1.174272431204039346e+00 8.367841155264134074e-12
1.176272895311712308e+00 9.856848681021328379e-12
1.178273359419385269e+00 8.254902674279815911e-12
1.180273823527058230e+00 9.466482090303686137e-12
1.182274287634731191e+00 8.971102013096807544e-12
1.184274751742404153e+00 9.050603840368835657e-12
1.186275215850077114e+00 9.419210981374369281e-12
1.188275679957750075e+00 8.569778685902544108e-12
1.190276144065423036e+00 9.411015192663661715e-12
1.192276608173095998e+00 8.676659015433668080e-12
1.194277072280768959e+00 9.069428623281368773e-12
1.196277536388442142e+00 8.876147630047360112e-12
1.198278000496115103e+00 8.980156493266881459e-12
1.200278464603788064e+00 9.287768607738370470e-12
1.202278928711461026e+00 8.864719910406468237e-12
1.204279392819133987e+00 8.383553513942546610e-12
1.206279856926806948e+00 6.078609230484831929e-12
1.208280321034479909e+00 5.961725985069784951e-12
1.210280785142152871e+00 3.818434814695703548e-12
1.212281249249825832e+00 1.813697552196956806e-12
1.214281713357498793e+00 1.652796950912551106e-12
1.216282177465171754e+00 2.234425246203444034e-12
1.218282641572844716e+00 1.498459460004455416e-12
1.220283105680517899e+00 2.148880507737078605e-12
1.222283569788190860e+00 2.988764202315931515e-12
1.224284033895863821e+00 2.432662985149653091e-12
1.226284498003536783e+00 3.139569925717319554e-12
1.228284962111209744e+00 2.848620156161516638e-12
1.230285426218882705e+00 2.643809732273917793e-12
1.232285890326555666e+00 3.152176833088040146e-12
1.234286354434228627e+00 2.411120046137040647e-12
1.236286818541901589e+00 2.980248254686385852e-12
1.238287282649574550e+00 3.114609733304725770e-12
1.240287746757247511e+00 2.117681500486842215e-12
1.242288210864920472e+00 3.407249557290148109e-12
1.244288674972593656e+00 2.584531779730724995e-12
1.246289139080266617e+00 2.813343332432967140e-12
1.248289603187939578e+00 3.271651317714253402e-12
1.250290067295612539e+00 2.749906618498539325e-12
1.252290531403285501e+00 3.399758648487343208e-12
1.254290995510958462e+00 2.492563436556827096e-12
1.256291459618631423e+00 3.138656208978069033e-12
1.258291923726304384e+00 3.139243882480325219e-12
1.260292387833977346e+00 2.302046350088164795e-12
1.262292851941650307e+00 3.458499401423664180e-12
1.264293316049323268e+00 2.688910972359758086e-12
1.266293780156996229e+00 3.265169268706919654e-12
1.268294244264669413e+00 2.625542835956902000e-12
1.270294708372342374e+00 2.753306440747541853e-12
1.272295172480015335e+00 2.817144772990107601e-12
1.274295636587688296e+00 3.200160375571455971e-12
1.276296100695361257e+00 2.306864972467765654e-12
1.278296564803034219e+00 3.072485059108825601e-12
1.280297028910707180e+00 3.072418930002259779e-12
1.282297493018380141e+00 2.498049350574206599e-12
1.284297957126053102e+00 3.519910193019510262e-12
1.286298421233726064e+00 2.368956319082950022e-12
1.288298885341399025e+00 2.881554092670560921e-12
1.290299349449071986e+00 3.201909734070536125e-12
1.292299813556745169e+00 2.751918122226690779e-12
1.294300277664418131e+00 2.816347324590299907e-12
1.296300741772091092e+00 2.751287054989098663e-12
1.298301205879764053e+00 2.751999898931588731e-12
1.300301669987437014e+00 3.271371000469993074e-12
1.302302134095109976e+00 2.684860436273732795e-12
1.304302598202782937e+00 3.077634363407174166e-12
1.306303062310455898e+00 2.748419458070143492e-12
1.308303526418128859e+00 2.683650653771540254e-12
1.310303990525801821e+00 3.378586887852492705e-12
1.312304454633474782e+00 2.346994127958353135e-12
1.314304918741147743e+00 3.283777674633251057e-12
1.316305382848820926e+00 2.745037402587612704e-12
1.318305846956493887e+00 2.645008555473260875e-12
1.320306311064166849e+00 4.036517535099033594e-12
1.322306775171839810e+00 2.705108354584691185e-12
1.324307239279512771e+00 3.289620735537645560e-12
1.326307703387185732e+00 3.598615531369752885e-12
1.328308167494858694e+00 2.697408721357317499e-12
1.330308631602531655e+00 -1.592056649503651918e-12
1.332309095710204616e+00 1.112928251470564343e-12
1.334309559817877577e+00 1.423339583524439756e-12
1.336310023925550539e+00 -2.115166315204669824e-12
1.338310488033223722e+00 2.478349956324964466e-12
1.340310952140896683e+00 -1.047873747834841217e-12
1.342311416248569644e+00 6.281523220935572451e-12
1.344311880356242606e+00 -9.481389421494651229e-13
1.346312344463915567e+00 3.957044772158213937e-12
1.348312808571588528e+00 -6.877314725693470387e-12
1.350313272679261489e+00 -4.668234113729963997e-12
1.352313736786934451e+00 1.467315336736260249e-12
1.354314200894607412e+00 -9.829289015849328062e-12
1.356314665002280373e+00 2.093835055291540479e-12
1.358315129109953334e+00 -7.076021650214720130e-12
1.360315593217626295e+00 -3.079830164616386740e-12
1.362316057325299479e+00 -1.564099043690755231e-12
1.364316521432972440e+00 -1.024969050150025441e-11
1.366316985540645401e+00 -1.343849329770610690e-12
1.368317449648318362e+00 -8.249316403993581322e-12
1.370317913755991324e+00 -4.402584187365326274e-12
1.372318377863664285e+00 -4.046319712935435775e-12
1.374318841971337246e+00 -8.735017083852997846e-12
1.376319306079010207e+00 -2.363251038231034443e-12
1.378319770186683169e+00 -8.069929991488255887e-12
1.380320234294356130e+00 -3.874358241661542688e-12
1.382320698402029091e+00 -5.552459466443806162e-12
1.384321162509702052e+00 -6.490251816031410510e-12
1.386321626617375236e+00 -3.576161566312874568e-12
1.388322090725048197e+00 -7.487382023738717494e-12
1.390322554832721158e+00 -3.695486103539007643e-12
1.392323018940394119e+00 -6.274628407129402832e-12
1.394323483048067081e+00 -5.415560397418104582e-12
1.396323947155740042e+00 -4.467492956912494396e-12
1.398324411263413003e+00 -6.740194719693009605e-12
1.400324875371085964e+00 -4.068793877686330723e-12
1.402325339478758925e+00 -6.198232059725151867e-12
1.404325803586431887e+00 -5.164657136910012106e-12
1.406326267694104848e+00 -4.988531276462743583e-12
1.408326731801777809e+00 -6.179838360433780291e-12
1.410327195909450992e+00 -4.512585114523756202e-12
1.412327660017123954e+00 -6.044361537730303142e-12
1.414328124124796915e+00 -4.972164034370812899e-12
1.416328588232469876e+00 -5.467922924136860116e-12
1.418329052340142837e+00 -5.599450257326454683e-12
1.420329516447815799e+00 -4.825506172381382780e-12
1.422329980555488760e+00 -5.857157836134635021e-12
1.424330444663161721e+00 -4.871503644788372461e-12
1.426330908770834682e+00 -5.760422629840446583e-12
1.428331372878507644e+00 -5.205434801985632024e-12
1.430331836986180605e+00 -5.447214586238623472e-12
1.432332301093853566e+00 -5.522903257608642829e-12
1.434332765201526749e+00 -5.165810563854338313e-12
1.436333229309199710e+00 -5.487164486402970678e-12
1.438333693416872672e+00 -5.231620638519297189e-12
1.440334157524545633e+00 -5.466654909376819598e-12
1.442334621632218594e+00 -5.254603222254772622e-12
1.444335085739891555e+00 -5.311789628774386071e-12
1.446335549847564517e+00 -5.465965848043024775e-12
1.448336013955237478e+00 -5.503187668507563144e-12
1.450336478062910439e+00 -5.493154725461481737e-12
1.452336942170583400e+00 -5.789672345495604989e-12
1.454337406278256362e+00 -5.287455419066357962e-12
1.456337870385929323e+00 -5.805860316257442730e-12
1.458338334493602506e+00 -5.300207699607554474e-12
1.460338798601275467e+00 -5.381219344608618919e-12
1.462339262708948429e+00 -5.476525905374806713e-12
1.464339726816621390e+00 -5.272054274970657688e-12
1.466340190924294351e+00 -5.451665589909139513e-12
1.468340655031967312e+00 -5.311281184582264824e-12
1.470341119139640274e+00 -5.335373303709264468e-12
1.472341583247313235e+00 -5.369147337165349781e-12
1.474342047354986196e+00 -5.311408788714831042e-12
1.476342511462659157e+00 -5.335407031982450545e-12
1.478342975570332118e+00 -5.301901755928680177e-12
1.480343439678005302e+00 -5.426098475802728702e-12
1.482343903785678263e+00 -5.264064027497472324e-12
1.484344367893351224e+00 -5.397169490016548602e-12
1.486344832001024185e+00 -5.326023253136263589e-12
1.488345296108697147e+00 -5.337803724461378461e-12
1.490345760216370108e+00 -5.415936947543277114e-12
1.492346224324043069e+00 -5.252916029222165242e-12
1.494346688431716030e+00 -5.494658384608997916e-12
1.496347152539388992e+00 -5.256793820390484789e-12
1.498347616647061953e+00 -5.402012944483858851e-12
1.500348080754734914e+00 -5.338591166263957786e-12
1.502348544862407875e+00 -5.358330223395583417e-12
1.504349008970081059e+00 -5.455283275526931849e-12
1.506349473077754020e+00 -5.294733125822331210e-12
1.508349937185426981e+00 -5.431746520449319343e-12
1.510350401293099942e+00 -5.293629558564659642e-12
1.512350865400772904e+00 -5.363829250729858600e-12
1.514351329508445865e+00 -5.424676356018378504e-12
